Price,Close
Ticker,CPT
Date,
1993-07-22,4.3892083168029785
1993-07-23,4.436914443969727
1993-07-26,4.3414998054504395
1993-07-27,4.3414998054504395
1993-07-28,4.3892083168029785
1993-07-29,4.365353107452393
1993-07-30,4.365353107452393
1993-08-02,4.3414998054504395
1993-08-03,4.3892083168029785
1993-08-04,4.413061141967773
1993-08-05,4.365353107452393
1993-08-06,4.3892083168029785
1993-08-09,4.365353107452393
1993-08-10,4.293790817260742
1993-08-11,4.269933700561523
1993-08-12,4.246082305908203
1993-08-13,4.269933700561523
1993-08-16,4.269933700561523
1993-08-17,4.293790817260742
1993-08-18,4.222224712371826
1993-08-19,4.269933700561523
1993-08-20,4.246082305908203
1993-08-23,4.3414998054504395
1993-08-24,4.484625816345215
1993-08-25,4.484625816345215
1993-08-26,4.460770606994629
1993-08-27,4.484625816345215
1993-08-30,4.484625816345215
1993-08-31,4.580042362213135
1993-09-01,4.675459384918213
1993-09-02,4.627749919891357
1993-09-03,4.675459384918213
1993-09-07,4.675459384918213
1993-09-08,4.675459384918213
1993-09-09,4.675459384918213
1993-09-10,4.723168849945068
1993-09-13,4.770876884460449
1993-09-14,4.770876884460449
1993-09-15,4.890149116516113
1993-09-16,4.890149116516113
1993-09-17,4.937858581542969
1993-09-20,4.890149116516113
1993-09-21,4.866292476654053
1993-09-22,4.866292476654053
1993-09-23,4.866292476654053
1993-09-24,4.842440128326416
1993-09-27,4.890149116516113
1993-09-28,5.057130813598633
1993-09-29,5.104838848114014
1993-09-30,5.224107265472412
1993-10-01,5.224107265472412
1993-10-04,5.1286940574646
1993-10-05,5.0809831619262695
1993-10-06,5.033276081085205
1993-10-07,4.990843772888184
1993-10-08,4.990843772888184
1993-10-11,5.063170909881592
1993-10-12,5.183724880218506
1993-10-13,5.111392498016357
1993-10-14,5.063170909881592
1993-10-15,5.111392498016357
1993-10-18,5.135504722595215
1993-10-19,5.063170909881592
1993-10-20,5.063170909881592
1993-10-21,5.087281703948975
1993-10-22,5.111392498016357
1993-10-25,5.111392498016357
1993-10-26,5.063170909881592
1993-10-27,4.942620754241943
1993-10-28,4.870290756225586
1993-10-29,4.990843772888184
1993-11-01,4.990843772888184
1993-11-02,5.039061069488525
1993-11-03,5.014949798583984
1993-11-04,5.014949798583984
1993-11-05,4.990843772888184
1993-11-08,4.990843772888184
1993-11-09,5.063170909881592
1993-11-10,5.063170909881592
1993-11-11,5.014949798583984
1993-11-12,4.990843772888184
1993-11-15,4.918511867523193
1993-11-16,4.894401550292969
1993-11-17,4.797957897186279
1993-11-18,4.629188537597656
1993-11-19,4.653295993804932
1993-11-22,4.5568528175354
1993-11-23,4.629188537597656
1993-11-24,4.629188537597656
1993-11-26,4.653295993804932
1993-11-29,4.629188537597656
1993-11-30,4.629188537597656
1993-12-01,4.6774067878723145
1993-12-02,4.7015156745910645
1993-12-03,4.653295993804932
1993-12-06,4.6774067878723145
1993-12-07,4.580964088439941
1993-12-08,4.5568528175354
1993-12-09,4.484528541564941
1993-12-10,4.532746315002441
1993-12-13,4.508634090423584
1993-12-14,4.412193298339844
1993-12-15,4.508634090423584
1993-12-16,4.580964088439941
1993-12-17,4.629188537597656
1993-12-20,4.580964088439941
1993-12-21,4.5568528175354
1993-12-22,4.532746315002441
1993-12-23,4.508634090423584
1993-12-27,4.53807258605957
1993-12-28,4.685250759124756
1993-12-29,4.783370494842529
1993-12-30,4.832431316375732
1993-12-31,4.955082893371582
1994-01-03,4.856963157653809
1994-01-04,4.856963157653809
1994-01-05,4.856963157653809
1994-01-06,4.832431316375732
1994-01-07,4.807902812957764
1994-01-10,4.783370494842529
1994-01-11,4.734311580657959
1994-01-12,4.709782600402832
1994-01-13,4.807902812957764
1994-01-14,4.758842945098877
1994-01-17,4.709782600402832
1994-01-18,4.709782600402832
1994-01-19,4.709782600402832
1994-01-20,4.709782600402832
1994-01-21,4.709782600402832
1994-01-24,4.709782600402832
1994-01-25,4.685250759124756
1994-01-26,4.807902812957764
1994-01-27,4.807902812957764
1994-01-28,4.807902812957764
1994-01-31,4.734311580657959
1994-02-01,4.832431316375732
1994-02-02,4.758842945098877
1994-02-03,4.783370494842529
1994-02-04,4.758842945098877
1994-02-07,4.783370494842529
1994-02-08,4.906023025512695
1994-02-09,4.979613780975342
1994-02-10,5.004144191741943
1994-02-11,4.955082893371582
1994-02-14,4.930553913116455
1994-02-15,4.979613780975342
1994-02-16,5.028672695159912
1994-02-17,5.12679386138916
1994-02-18,5.151320457458496
1994-02-22,5.249444484710693
1994-02-23,5.298503398895264
1994-02-24,5.273975849151611
1994-02-25,5.175851821899414
1994-02-28,5.20038366317749
1994-03-01,5.22491455078125
1994-03-02,5.151320457458496
1994-03-03,5.22491455078125
1994-03-04,5.20038366317749
1994-03-07,5.20038366317749
1994-03-08,5.20038366317749
1994-03-09,5.053205966949463
1994-03-10,5.12679386138916
1994-03-11,5.102261543273926
1994-03-14,5.053205966949463
1994-03-15,5.102261543273926
1994-03-16,5.151320457458496
1994-03-17,5.151320457458496
1994-03-18,5.151320457458496
1994-03-21,5.20038366317749
1994-03-22,5.20038366317749
1994-03-23,5.175851821899414
1994-03-24,5.22491455078125
1994-03-25,5.237880706787109
1994-03-28,5.2877678871154785
1994-03-29,5.187997341156006
1994-03-30,5.138116359710693
1994-03-31,5.06328821182251
1994-04-04,4.9635162353515625
1994-04-05,4.938575744628906
1994-04-06,4.913633823394775
1994-04-07,4.913633823394775
1994-04-08,4.938575744628906
1994-04-11,4.813864707946777
1994-04-12,4.888692855834961
1994-04-13,4.813864707946777
1994-04-14,4.7889251708984375
1994-04-15,4.838809013366699
1994-04-18,4.813864707946777
1994-04-19,4.838809013366699
1994-04-20,4.838809013366699
1994-04-21,4.838809013366699
1994-04-22,4.8637471199035645
1994-04-25,4.888692855834961
1994-04-26,4.913633823394775
1994-04-28,4.838809013366699
1994-04-29,4.8637471199035645
1994-05-02,4.8637471199035645
1994-05-03,4.888692855834961
1994-05-04,4.888692855834961
1994-05-05,4.938575744628906
1994-05-06,4.938575744628906
1994-05-09,4.888692855834961
1994-05-10,4.913633823394775
1994-05-11,4.8637471199035645
1994-05-12,4.888692855834961
1994-05-13,4.8637471199035645
1994-05-16,4.888692855834961
1994-05-17,4.913633823394775
1994-05-18,4.938575744628906
1994-05-19,4.9635162353515625
1994-05-20,4.988460540771484
1994-05-23,5.088231086730957
1994-05-24,5.0383453369140625
1994-05-25,5.06328821182251
1994-05-26,5.088231086730957
1994-05-27,5.088231086730957
1994-05-31,5.212940216064453
1994-06-01,5.262823581695557
1994-06-02,5.2877678871154785
1994-06-03,5.262823581695557
1994-06-06,5.237880706787109
1994-06-07,5.237880706787109
1994-06-08,5.187997341156006
1994-06-09,5.138116359710693
1994-06-10,5.138116359710693
1994-06-13,5.163058280944824
1994-06-14,5.262823581695557
1994-06-15,5.2877678871154785
1994-06-16,5.2877678871154785
1994-06-17,5.2877678871154785
1994-06-20,5.312709808349609
1994-06-21,5.262823581695557
1994-06-22,5.163058280944824
1994-06-23,5.163058280944824
1994-06-24,5.125504493713379
1994-06-27,5.125504493713379
1994-06-28,5.074758052825928
1994-06-29,5.049382209777832
1994-06-30,4.973262786865234
1994-07-01,5.049382209777832
1994-07-05,5.024010181427002
1994-07-06,5.049382209777832
1994-07-07,5.125504493713379
1994-07-08,5.201626777648926
1994-07-11,5.201626777648926
1994-07-12,5.17625093460083
1994-07-13,5.17625093460083
1994-07-14,5.049382209777832
1994-07-15,5.074758052825928
1994-07-18,4.998633861541748
1994-07-19,4.973262786865234
1994-07-20,4.973262786865234
1994-07-21,4.947885036468506
1994-07-22,4.84639310836792
1994-07-25,4.821018695831299
1994-07-26,4.821018695831299
1994-07-27,4.7448954582214355
1994-07-28,4.64340353012085
1994-07-29,4.6687774658203125
1994-08-01,4.618029594421387
1994-08-02,4.6687774658203125
1994-08-03,4.770273208618164
1994-08-04,4.84639310836792
1994-08-05,4.897141456604004
1994-08-08,4.871767520904541
1994-08-09,4.821018695831299
1994-08-10,4.947885036468506
1994-08-11,4.897141456604004
1994-08-12,4.821018695831299
1994-08-15,4.871767520904541
1994-08-16,4.871767520904541
1994-08-17,4.84639310836792
1994-08-18,4.84639310836792
1994-08-19,4.871767520904541
1994-08-22,4.719526290893555
1994-08-23,4.719526290893555
1994-08-24,4.6687774658203125
1994-08-25,4.64340353012085
1994-08-26,4.719526290893555
1994-08-29,4.719526290893555
1994-08-30,4.7448954582214355
1994-08-31,4.719526290893555
1994-09-01,4.719526290893555
1994-09-02,4.719526290893555
1994-09-06,4.694149971008301
1994-09-07,4.694149971008301
1994-09-08,4.84639310836792
1994-09-09,4.821018695831299
1994-09-12,4.871767520904541
1994-09-13,4.84639310836792
1994-09-14,4.84639310836792
1994-09-15,4.922514915466309
1994-09-16,4.821018695831299
1994-09-19,4.821018695831299
1994-09-20,4.871767520904541
1994-09-21,4.795642852783203
1994-09-22,4.821018695831299
1994-09-23,4.808609485626221
1994-09-26,4.7569050788879395
1994-09-27,4.731050968170166
1994-09-28,4.782758712768555
1994-09-29,4.7569050788879395
1994-09-30,4.860316276550293
1994-10-03,4.860316276550293
1994-10-04,4.808609485626221
1994-10-05,4.7569050788879395
1994-10-06,4.653493881225586
1994-10-07,4.601786136627197
1994-10-10,4.601786136627197
1994-10-11,4.601786136627197
1994-10-12,4.472523212432861
1994-10-13,4.446670055389404
1994-10-14,4.472523212432861
1994-10-17,4.420816898345947
1994-10-18,4.394965648651123
1994-10-19,4.394965648651123
1994-10-20,4.420816898345947
1994-10-21,4.343259811401367
1994-10-24,4.394965648651123
1994-10-25,4.369114398956299
1994-10-26,4.420816898345947
1994-10-27,4.420816898345947
1994-10-28,4.394965648651123
1994-10-31,4.394965648651123
1994-11-01,4.394965648651123
1994-11-02,4.369114398956299
1994-11-03,4.31740665435791
1994-11-04,4.265702724456787
1994-11-07,4.2398505210876465
1994-11-08,4.213995933532715
1994-11-09,4.291554927825928
1994-11-10,4.31740665435791
1994-11-11,4.343259811401367
1994-11-14,4.343259811401367
1994-11-15,4.420816898345947
1994-11-16,4.472523212432861
1994-11-17,4.446670055389404
1994-11-18,4.446670055389404
1994-11-21,4.472523212432861
1994-11-22,4.446670055389404
1994-11-23,4.446670055389404
1994-11-25,4.550083160400391
1994-11-28,4.550083160400391
1994-11-29,4.498376846313477
1994-11-30,4.524228096008301
1994-12-01,4.550083160400391
1994-12-02,4.550083160400391
1994-12-05,4.601786136627197
1994-12-06,4.575932025909424
1994-12-07,4.601786136627197
1994-12-08,4.601786136627197
1994-12-09,4.575932025909424
1994-12-12,4.601786136627197
1994-12-13,4.627640247344971
1994-12-14,4.731050968170166
1994-12-15,4.937872886657715
1994-12-16,4.937872886657715
1994-12-19,4.937872886657715
1994-12-20,5.067137718200684
1994-12-21,5.015430927276611
1994-12-22,5.067137718200684
1994-12-23,5.107154369354248
1994-12-27,5.107154369354248
1994-12-28,5.133474349975586
1994-12-29,5.1598029136657715
1994-12-30,5.238777160644531
1995-01-03,5.1861252784729
1995-01-04,5.172963619232178
1995-01-05,5.1861252784729
1995-01-06,5.1861252784729
1995-01-09,5.107154369354248
1995-01-10,5.054501533508301
1995-01-11,4.975521087646484
1995-01-12,5.001848220825195
1995-01-13,5.054501533508301
1995-01-16,5.1598029136657715
1995-01-17,5.133474349975586
1995-01-18,5.107154369354248
1995-01-19,5.054501533508301
1995-01-20,5.028172016143799
1995-01-23,5.001848220825195
1995-01-24,4.975521087646484
1995-01-25,4.975521087646484
1995-01-26,4.949199676513672
1995-01-27,4.949199676513672
1995-01-30,4.922873497009277
1995-01-31,4.922873497009277
1995-02-01,5.054501533508301
1995-02-02,5.001848220825195
1995-02-03,4.949199676513672
1995-02-06,4.922873497009277
1995-02-07,4.922873497009277
1995-02-08,4.896548748016357
1995-02-09,4.870223045349121
1995-02-10,4.817569732666016
1995-02-13,4.843897342681885
1995-02-14,4.843897342681885
1995-02-15,4.949199676513672
1995-02-16,4.922873497009277
1995-02-17,4.975521087646484
1995-02-21,5.001848220825195
1995-02-22,4.817569732666016
1995-02-23,4.764917850494385
1995-02-24,4.685941219329834
1995-02-27,4.422686576843262
1995-02-28,4.475338935852051
1995-03-01,4.475338935852051
1995-03-02,4.501662731170654
1995-03-03,4.501662731170654
1995-03-06,4.475338935852051
1995-03-07,4.501662731170654
1995-03-08,4.501662731170654
1995-03-09,4.527988910675049
1995-03-10,4.501662731170654
1995-03-13,4.501662731170654
1995-03-14,4.475338935852051
1995-03-15,4.475338935852051
1995-03-16,4.554314613342285
1995-03-17,4.527988910675049
1995-03-20,4.554314613342285
1995-03-21,4.5806379318237305
1995-03-22,4.633293151855469
1995-03-23,4.624687671661377
1995-03-24,4.624687671661377
1995-03-27,4.624687671661377
1995-03-28,4.570913314819336
1995-03-29,4.570913314819336
1995-03-30,4.570913314819336
1995-03-31,4.5978007316589355
1995-04-03,4.5978007316589355
1995-04-04,4.544025421142578
1995-04-05,4.5171356201171875
1995-04-06,4.5171356201171875
1995-04-07,4.544025421142578
1995-04-10,4.544025421142578
1995-04-11,4.544025421142578
1995-04-12,4.544025421142578
1995-04-13,4.544025421142578
1995-04-17,4.544025421142578
1995-04-18,4.544025421142578
1995-04-19,4.544025421142578
1995-04-20,4.490250587463379
1995-04-21,4.490250587463379
1995-04-24,4.5171356201171875
1995-04-25,4.5171356201171875
1995-04-26,4.5171356201171875
1995-04-27,4.5171356201171875
1995-04-28,4.5171356201171875
1995-05-01,4.5171356201171875
1995-05-02,4.5171356201171875
1995-05-03,4.544025421142578
1995-05-04,4.5171356201171875
1995-05-05,4.382698059082031
1995-05-08,4.624687671661377
1995-05-09,4.812899589538574
1995-05-10,4.9742279052734375
1995-05-11,5.001114368438721
1995-05-12,5.0280046463012695
1995-05-15,4.9742279052734375
1995-05-16,5.001114368438721
1995-05-17,4.839790344238281
1995-05-18,4.839790344238281
1995-05-19,4.812899589538574
1995-05-22,4.786013603210449
1995-05-23,4.8935651779174805
1995-05-24,4.92045259475708
1995-05-25,4.812899589538574
1995-05-26,4.812899589538574
1995-05-30,4.812899589538574
1995-05-31,4.92045259475708
1995-06-01,4.8935651779174805
1995-06-02,4.8935651779174805
1995-06-05,4.92045259475708
1995-06-06,4.9742279052734375
1995-06-07,4.947338581085205
1995-06-08,5.001114368438721
1995-06-09,4.947338581085205
1995-06-12,5.001114368438721
1995-06-13,4.947338581085205
1995-06-14,4.947338581085205
1995-06-15,4.9742279052734375
1995-06-16,5.001114368438721
1995-06-19,5.054892539978027
1995-06-20,5.0817766189575195
1995-06-21,4.9742279052734375
1995-06-22,4.786013603210449
1995-06-23,4.651575565338135
1995-06-26,4.759125232696533
1995-06-27,4.777797698974609
1995-06-28,4.8327155113220215
1995-06-29,4.805254936218262
1995-06-30,4.805254936218262
1995-07-03,4.805254936218262
1995-07-05,4.8327155113220215
1995-07-06,4.8327155113220215
1995-07-07,4.9425506591796875
1995-07-10,4.9425506591796875
1995-07-11,4.9425506591796875
1995-07-12,4.997467041015625
1995-07-13,4.9425506591796875
1995-07-14,4.9425506591796875
1995-07-17,4.887631416320801
1995-07-18,4.8327155113220215
1995-07-19,4.805254936218262
1995-07-20,4.805254936218262
1995-07-21,4.777797698974609
1995-07-24,4.750339508056641
1995-07-25,4.805254936218262
1995-07-26,4.805254936218262
1995-07-27,4.750339508056641
1995-07-28,4.722881317138672
1995-07-31,4.613045692443848
1995-08-01,4.695423126220703
1995-08-02,4.750339508056641
1995-08-03,4.750339508056641
1995-08-04,4.750339508056641
1995-08-07,4.777797698974609
1995-08-08,4.777797698974609
1995-08-09,4.777797698974609
1995-08-10,4.777797698974609
1995-08-11,4.777797698974609
1995-08-14,4.805254936218262
1995-08-15,4.722881317138672
1995-08-16,4.750339508056641
1995-08-17,4.722881317138672
1995-08-18,4.695423126220703
1995-08-21,4.750339508056641
1995-08-22,4.750339508056641
1995-08-23,4.750339508056641
1995-08-24,4.750339508056641
1995-08-25,4.750339508056641
1995-08-28,4.750339508056641
1995-08-29,4.750339508056641
1995-08-30,4.750339508056641
1995-08-31,4.805254936218262
1995-09-01,4.915092468261719
1995-09-05,4.915092468261719
1995-09-06,4.9425506591796875
1995-09-07,4.915092468261719
1995-09-08,4.9425506591796875
1995-09-11,4.9700093269348145
1995-09-12,5.1072998046875
1995-09-13,5.0798444747924805
1995-09-14,5.024925708770752
1995-09-15,5.052384376525879
1995-09-18,5.052384376525879
1995-09-19,5.0798444747924805
1995-09-20,5.052384376525879
1995-09-21,4.9700093269348145
1995-09-22,4.9425506591796875
1995-09-25,4.9425506591796875
1995-09-26,4.9700093269348145
1995-09-27,5.017096519470215
1995-09-28,4.933011531829834
1995-09-29,4.961038112640381
1995-10-02,4.9049811363220215
1995-10-03,4.8489251136779785
1995-10-04,4.8489251136779785
1995-10-05,4.820897579193115
1995-10-06,4.8489251136779785
1995-10-09,4.792868614196777
1995-10-10,4.764838218688965
1995-10-11,4.736811637878418
1995-10-12,4.624697685241699
1995-10-13,4.680757522583008
1995-10-16,4.624697685241699
1995-10-17,4.596668720245361
1995-10-18,4.652726173400879
1995-10-19,4.680757522583008
1995-10-20,4.70878267288208
1995-10-23,4.70878267288208
1995-10-24,4.70878267288208
1995-10-25,4.680757522583008
1995-10-26,4.652726173400879
1995-10-27,4.680757522583008
1995-10-30,4.680757522583008
1995-10-31,4.652726173400879
1995-11-01,4.624697685241699
1995-11-02,4.596668720245361
1995-11-03,4.596668720245361
1995-11-06,4.568638801574707
1995-11-07,4.596668720245361
1995-11-08,4.596668720245361
1995-11-09,4.624697685241699
1995-11-10,4.596668720245361
1995-11-13,4.596668720245361
1995-11-14,4.596668720245361
1995-11-15,4.624697685241699
1995-11-16,4.596668720245361
1995-11-17,4.568638801574707
1995-11-20,4.596668720245361
1995-11-21,4.568638801574707
1995-11-22,4.596668720245361
1995-11-24,4.596668720245361
1995-11-27,4.624697685241699
1995-11-28,4.624697685241699
1995-11-29,4.624697685241699
1995-11-30,4.624697685241699
1995-12-01,4.652726173400879
1995-12-04,4.8489251136779785
1995-12-05,4.961038112640381
1995-12-06,5.073155403137207
1995-12-07,5.213294982910156
1995-12-08,5.213294982910156
1995-12-11,5.185267448425293
1995-12-12,5.213294982910156
1995-12-13,5.157240390777588
1995-12-14,5.213294982910156
1995-12-15,5.157240390777588
1995-12-18,5.129210472106934
1995-12-19,5.101181983947754
1995-12-20,5.213294982910156
1995-12-21,5.269351959228516
1995-12-22,5.3459696769714355
1995-12-26,5.460318088531494
1995-12-27,5.431733131408691
1995-12-28,5.403145790100098
1995-12-29,5.431733131408691
1996-01-02,5.403145790100098
1996-01-03,5.403145790100098
1996-01-04,5.3745551109313965
1996-01-05,5.3459696769714355
1996-01-08,5.317378997802734
1996-01-09,5.3745551109313965
1996-01-10,5.28879451751709
1996-01-11,5.28879451751709
1996-01-12,5.3459696769714355
1996-01-15,5.403145790100098
1996-01-16,5.431733131408691
1996-01-17,5.431733131408691
1996-01-18,5.4889068603515625
1996-01-19,5.431733131408691
1996-01-22,5.4889068603515625
1996-01-23,5.403145790100098
1996-01-24,5.431733131408691
1996-01-25,5.403145790100098
1996-01-26,5.4889068603515625
1996-01-29,5.4889068603515625
1996-01-30,5.4889068603515625
1996-01-31,5.517497539520264
1996-02-01,5.517497539520264
1996-02-02,5.574674606323242
1996-02-05,5.574674606323242
1996-02-06,5.546084403991699
1996-02-07,5.631849765777588
1996-02-08,5.631849765777588
1996-02-09,5.603259563446045
1996-02-12,5.603259563446045
1996-02-13,5.546084403991699
1996-02-14,5.574674606323242
1996-02-15,5.546084403991699
1996-02-16,5.574674606323242
1996-02-20,5.4889068603515625
1996-02-21,5.517497539520264
1996-02-22,5.460318088531494
1996-02-23,5.403145790100098
1996-02-26,5.403145790100098
1996-02-27,5.403145790100098
1996-02-28,5.403145790100098
1996-02-29,5.403145790100098
1996-03-01,5.431733131408691
1996-03-04,5.460318088531494
1996-03-05,5.431733131408691
1996-03-06,5.4889068603515625
1996-03-07,5.431733131408691
1996-03-08,5.3745551109313965
1996-03-11,5.403145790100098
1996-03-12,5.3745551109313965
1996-03-13,5.403145790100098
1996-03-14,5.3745551109313965
1996-03-15,5.403145790100098
1996-03-18,5.403145790100098
1996-03-19,5.431733131408691
1996-03-20,5.517497539520264
1996-03-21,5.546084403991699
1996-03-22,5.603259563446045
1996-03-25,5.603259563446045
1996-03-26,5.4889068603515625
1996-03-27,5.337247848510742
1996-03-28,5.3955817222595215
1996-03-29,5.3955817222595215
1996-04-01,5.424744129180908
1996-04-02,5.366415977478027
1996-04-03,5.366415977478027
1996-04-04,5.249752998352051
1996-04-08,5.133091926574707
1996-04-09,5.133091926574707
1996-04-10,5.162256240844727
1996-04-11,5.074760437011719
1996-04-12,5.191421985626221
1996-04-15,5.191421985626221
1996-04-16,5.249752998352051
1996-04-17,5.278920650482178
1996-04-18,5.366415977478027
1996-04-19,5.3955817222595215
1996-04-22,5.453912258148193
1996-04-23,5.541407108306885
1996-04-24,5.48307466506958
1996-04-25,5.424744129180908
1996-04-26,5.512242794036865
1996-04-29,5.541407108306885
1996-04-30,5.541407108306885
1996-05-01,5.541407108306885
1996-05-02,5.512242794036865
1996-05-03,5.453912258148193
1996-05-06,5.453912258148193
1996-05-07,5.424744129180908
1996-05-08,5.48307466506958
1996-05-09,5.48307466506958
1996-05-10,5.512242794036865
1996-05-13,5.48307466506958
1996-05-14,5.48307466506958
1996-05-15,5.453912258148193
1996-05-16,5.453912258148193
1996-05-17,5.453912258148193
1996-05-20,5.453912258148193
1996-05-21,5.424744129180908
1996-05-22,5.3955817222595215
1996-05-23,5.453912258148193
1996-05-24,5.424744129180908
1996-05-28,5.366415977478027
1996-05-29,5.3955817222595215
1996-05-30,5.424744129180908
1996-05-31,5.3955817222595215
1996-06-03,5.3955817222595215
1996-06-04,5.453912258148193
1996-06-05,5.541407108306885
1996-06-06,5.453912258148193
1996-06-07,5.48307466506958
1996-06-10,5.541407108306885
1996-06-11,5.5705695152282715
1996-06-12,5.512242794036865
1996-06-13,5.5705695152282715
1996-06-14,5.5705695152282715
1996-06-17,5.541407108306885
1996-06-18,5.541407108306885
1996-06-19,5.5705695152282715
1996-06-20,5.658067226409912
1996-06-21,5.7747273445129395
1996-06-24,5.803893566131592
1996-06-25,5.803893566131592
1996-06-26,5.857414245605469
1996-06-27,5.857414245605469
1996-06-28,5.6492815017700195
1996-07-01,5.679015636444092
1996-07-02,5.679015636444092
1996-07-03,5.679015636444092
1996-07-05,5.679015636444092
1996-07-08,5.679015636444092
1996-07-09,5.679015636444092
1996-07-10,5.589815139770508
1996-07-11,5.560083866119385
1996-07-12,5.589815139770508
1996-07-15,5.500617027282715
1996-07-16,5.470882892608643
1996-07-17,5.441150188446045
1996-07-18,5.6492815017700195
1996-07-19,5.679015636444092
1996-07-22,5.589815139770508
1996-07-23,5.589815139770508
1996-07-24,5.560083866119385
1996-07-25,5.6492815017700195
1996-07-26,5.619548797607422
1996-07-29,5.619548797607422
1996-07-30,5.768213748931885
1996-07-31,5.768213748931885
1996-08-01,5.857414245605469
1996-08-02,5.827679634094238
1996-08-05,5.857414245605469
1996-08-06,5.887147903442383
1996-08-07,5.887147903442383
1996-08-08,5.857414245605469
1996-08-09,5.827679634094238
1996-08-12,5.857414245605469
1996-08-13,5.976348876953125
1996-08-14,5.9466142654418945
1996-08-15,5.887147903442383
1996-08-16,5.9466142654418945
1996-08-19,5.916881084442139
1996-08-20,5.9466142654418945
1996-08-21,5.9466142654418945
1996-08-22,6.1250128746032715
1996-08-23,6.154743671417236
1996-08-26,6.1250128746032715
1996-08-27,6.1250128746032715
1996-08-28,6.1250128746032715
1996-08-29,6.095279693603516
1996-08-30,6.0655436515808105
1996-09-03,6.1250128746032715
1996-09-04,6.154743671417236
1996-09-05,6.095279693603516
1996-09-06,6.1250128746032715
1996-09-09,6.154743671417236
1996-09-10,6.184478759765625
1996-09-11,6.154743671417236
1996-09-12,6.273674011230469
1996-09-13,6.184478759765625
1996-09-16,6.154743671417236
1996-09-17,6.184478759765625
1996-09-18,6.214210033416748
1996-09-19,6.184478759765625
1996-09-20,6.184478759765625
1996-09-23,6.154743671417236
1996-09-24,6.154743671417236
1996-09-25,6.1250128746032715
1996-09-26,6.209827899932861
1996-09-27,6.209827899932861
1996-09-30,6.209827899932861
1996-10-01,6.240119934082031
1996-10-02,6.240119934082031
1996-10-03,6.240119934082031
1996-10-04,6.240119934082031
1996-10-07,6.240119934082031
1996-10-08,6.3007049560546875
1996-10-09,6.452164649963379
1996-10-10,6.543036937713623
1996-10-11,6.573328018188477
1996-10-14,6.8156633377075195
1996-10-15,6.724790096282959
1996-10-16,6.60362434387207
1996-10-17,6.573328018188477
1996-10-18,6.543036937713623
1996-10-21,6.482458591461182
1996-10-22,6.5127482414245605
1996-10-23,6.573328018188477
1996-10-24,6.633914470672607
1996-10-25,6.60362434387207
1996-10-28,6.60362434387207
1996-10-29,6.543036937713623
1996-10-30,6.543036937713623
1996-10-31,6.60362434387207
1996-11-01,6.60362434387207
1996-11-04,6.633914470672607
1996-11-05,6.543036937713623
1996-11-06,6.543036937713623
1996-11-07,6.633914470672607
1996-11-08,6.724790096282959
1996-11-11,6.724790096282959
1996-11-12,6.6944966316223145
1996-11-13,6.664205551147461
1996-11-14,6.633914470672607
1996-11-15,6.573328018188477
1996-11-18,6.573328018188477
1996-11-19,6.60362434387207
1996-11-20,6.60362434387207
1996-11-21,6.573328018188477
1996-11-22,6.573328018188477
1996-11-25,6.60362434387207
1996-11-26,6.664205551147461
1996-11-27,6.724790096282959
1996-11-29,6.6944966316223145
1996-12-02,6.6944966316223145
1996-12-03,6.724790096282959
1996-12-04,6.724790096282959
1996-12-05,6.6944966316223145
1996-12-06,6.6944966316223145
1996-12-09,6.573328018188477
1996-12-10,6.664205551147461
1996-12-11,6.664205551147461
1996-12-12,6.664205551147461
1996-12-13,6.906538963317871
1996-12-16,6.936836242675781
1996-12-17,6.906538963317871
1996-12-18,6.906538963317871
1996-12-19,6.906538963317871
1996-12-20,6.936836242675781
1996-12-23,6.906538963317871
1996-12-24,6.906538963317871
1996-12-26,6.900379657745361
1996-12-27,6.961991310119629
1996-12-30,6.961991310119629
1996-12-31,7.054406642913818
1997-01-02,6.900379657745361
1997-01-03,6.931188106536865
1997-01-06,6.992794513702393
1997-01-07,6.992794513702393
1997-01-08,7.023599147796631
1997-01-09,7.023599147796631
1997-01-10,6.961991310119629
1997-01-13,7.023599147796631
1997-01-14,7.023599147796631
1997-01-15,6.961991310119629
1997-01-16,6.961991310119629
1997-01-17,6.900379657745361
1997-01-20,6.931188106536865
1997-01-21,6.961991310119629
1997-01-22,6.931188106536865
1997-01-23,6.961991310119629
1997-01-24,6.961991310119629
1997-01-27,6.777156829833984
1997-01-28,6.715550422668457
1997-01-29,6.653938293457031
1997-01-30,6.684739589691162
1997-01-31,6.653938293457031
1997-02-03,6.715550422668457
1997-02-04,6.715550422668457
1997-02-05,6.715550422668457
1997-02-06,6.715550422668457
1997-02-07,6.807963848114014
1997-02-10,6.807963848114014
1997-02-11,6.838771820068359
1997-02-12,6.807963848114014
1997-02-13,6.777156829833984
1997-02-14,6.715550422668457
1997-02-18,6.777156829833984
1997-02-19,6.838771820068359
1997-02-20,6.777156829833984
1997-02-21,6.807963848114014
1997-02-24,6.807963848114014
1997-02-25,6.838771820068359
1997-02-26,6.7463531494140625
1997-02-27,6.715550422668457
1997-02-28,6.7463531494140625
1997-03-03,6.777156829833984
1997-03-04,6.838771820068359
1997-03-05,6.838771820068359
1997-03-06,6.838771820068359
1997-03-07,6.807963848114014
1997-03-10,6.869574069976807
1997-03-11,6.869574069976807
1997-03-12,6.900379657745361
1997-03-13,6.869574069976807
1997-03-14,6.869574069976807
1997-03-17,6.931188106536865
1997-03-18,6.900379657745361
1997-03-19,6.900379657745361
1997-03-20,6.900379657745361
1997-03-21,6.931188106536865
1997-03-24,6.900379657745361
1997-03-25,6.931188106536865
1997-03-26,6.928676605224609
1997-03-27,6.8973236083984375
1997-03-31,6.834623336791992
1997-04-01,6.834623336791992
1997-04-02,6.740570068359375
1997-04-03,6.709216594696045
1997-04-04,6.740570068359375
1997-04-07,6.709216594696045
1997-04-08,6.740570068359375
1997-04-09,6.677866458892822
1997-04-10,6.740570068359375
1997-04-11,6.740570068359375
1997-04-14,6.709216594696045
1997-04-15,6.771920204162598
1997-04-16,6.8973236083984375
1997-04-17,6.8973236083984375
1997-04-18,6.865972518920898
1997-04-21,6.803267478942871
1997-04-22,6.709216594696045
1997-04-23,6.771920204162598
1997-04-24,6.677866458892822
1997-04-25,6.709216594696045
1997-04-28,6.771920204162598
1997-04-29,6.771920204162598
1997-04-30,6.834623336791992
1997-05-01,6.834623336791992
1997-05-02,6.865972518920898
1997-05-05,6.834623336791992
1997-05-06,6.834623336791992
1997-05-07,6.865972518920898
1997-05-08,6.803267478942871
1997-05-09,6.865972518920898
1997-05-12,6.991378307342529
1997-05-13,7.054086208343506
1997-05-14,7.210838317871094
1997-05-15,7.210838317871094
1997-05-16,7.1794891357421875
1997-05-19,7.304895877838135
1997-05-20,7.304895877838135
1997-05-21,7.367595672607422
1997-05-22,7.398950099945068
1997-05-23,7.398950099945068
1997-05-27,7.398950099945068
1997-05-28,7.367595672607422
1997-05-29,7.336244583129883
1997-05-30,7.367595672607422
1997-06-02,7.367595672607422
1997-06-03,7.336244583129883
1997-06-04,7.367595672607422
1997-06-05,7.430299758911133
1997-06-06,7.461647987365723
1997-06-09,7.461647987365723
1997-06-10,7.555704593658447
1997-06-11,7.555704593658447
1997-06-12,7.618412017822266
1997-06-13,7.806515216827393
1997-06-16,7.743819713592529
1997-06-17,7.743819713592529
1997-06-18,7.806515216827393
1997-06-19,7.743819713592529
1997-06-20,7.71246337890625
1997-06-23,7.743819713592529
1997-06-24,7.743819713592529
1997-06-25,7.728139877319336
1997-06-26,7.837092399597168
1997-06-27,7.837092399597168
1997-06-30,8.060097694396973
1997-07-01,7.900814056396484
1997-07-02,7.932667255401611
1997-07-03,7.900814056396484
1997-07-07,7.932667255401611
1997-07-08,7.900814056396484
1997-07-09,7.868951320648193
1997-07-10,7.853021621704102
1997-07-11,7.884880542755127
1997-07-14,7.884880542755127
1997-07-15,7.932667255401611
1997-07-16,7.964524269104004
1997-07-17,7.964524269104004
1997-07-18,7.868951320648193
1997-07-21,7.70966100692749
1997-07-22,7.773376941680908
1997-07-23,7.773376941680908
1997-07-24,7.853021621704102
1997-07-25,7.821166515350342
1997-07-28,7.853021621704102
1997-07-29,7.661875247955322
1997-07-30,7.598156929016113
1997-07-31,7.70966100692749
1997-08-01,7.70966100692749
1997-08-04,7.773376941680908
1997-08-05,7.741520881652832
1997-08-06,7.805235862731934
1997-08-07,7.868951320648193
1997-08-08,7.789305686950684
1997-08-11,7.773376941680908
1997-08-12,7.805235862731934
1997-08-13,7.789305686950684
1997-08-14,7.773376941680908
1997-08-15,7.725593566894531
1997-08-18,7.757449626922607
1997-08-19,7.757449626922607
1997-08-20,7.677801609039307
1997-08-21,7.530459403991699
1997-08-22,7.598156929016113
1997-08-25,7.518513202667236
1997-08-26,7.518513202667236
1997-08-27,7.486656188964844
1997-08-28,7.518513202667236
1997-08-29,7.518513202667236
1997-09-02,7.566298007965088
1997-09-03,7.598156929016113
1997-09-04,7.50258207321167
1997-09-05,7.518513202667236
1997-09-08,7.534443378448486
1997-09-09,7.630016326904297
1997-09-10,7.70966100692749
1997-09-11,7.757449626922607
1997-09-12,7.837092399597168
1997-09-15,7.853021621704102
1997-09-16,7.853021621704102
1997-09-17,7.884880542755127
1997-09-18,7.900814056396484
1997-09-19,7.773376941680908
1997-09-22,7.837092399597168
1997-09-23,7.837092399597168
1997-09-24,7.821166515350342
1997-09-25,7.837092399597168
1997-09-26,7.899251937866211
1997-09-29,7.899251937866211
1997-09-30,7.9316253662109375
1997-10-01,7.915437698364258
1997-10-02,7.947813034057617
1997-10-03,7.980190753936768
1997-10-06,8.012561798095703
1997-10-07,8.028748512268066
1997-10-08,8.061116218566895
1997-10-09,7.947813034057617
1997-10-10,7.963996410369873
1997-10-13,7.963996410369873
1997-10-14,8.012561798095703
1997-10-15,8.04493522644043
1997-10-16,7.915437698364258
1997-10-17,7.834499835968018
1997-10-20,7.963996410369873
1997-10-21,7.980190753936768
1997-10-22,7.996375560760498
1997-10-23,7.9316253662109375
1997-10-24,7.980190753936768
1997-10-27,7.8506903648376465
1997-10-28,7.624070167541504
1997-10-29,7.769755840301514
1997-10-30,7.705005645751953
1997-10-31,7.769755840301514
1997-11-03,7.980190753936768
1997-11-04,8.012561798095703
1997-11-05,7.980190753936768
1997-11-06,7.963996410369873
1997-11-07,7.963996410369873
1997-11-10,7.963996410369873
1997-11-11,7.996375560760498
1997-11-12,8.012561798095703
1997-11-13,8.04493522644043
1997-11-14,8.093493461608887
1997-11-17,8.061116218566895
1997-11-18,8.158242225646973
1997-11-19,8.255365371704102
1997-11-20,8.449610710144043
1997-11-21,8.449610710144043
1997-11-24,8.530537605285645
1997-11-25,8.401044845581055
1997-11-26,8.401044845581055
1997-11-28,8.465798377990723
1997-12-01,8.546731948852539
1997-12-02,8.498170852661133
1997-12-03,8.465798377990723
1997-12-04,8.433424949645996
1997-12-05,8.465798377990723
1997-12-08,8.433424949645996
1997-12-09,8.30392837524414
1997-12-10,8.320117950439453
1997-12-11,8.336299896240234
1997-12-12,8.287739753723145
1997-12-15,8.287739753723145
1997-12-16,8.287739753723145
1997-12-17,8.061116218566895
1997-12-18,7.8506903648376465
1997-12-19,7.769755840301514
1997-12-22,7.783583164215088
1997-12-23,7.717757225036621
1997-12-24,7.734210968017578
1997-12-26,7.767124652862549
1997-12-29,7.816490650177002
1997-12-30,7.882309913635254
1997-12-31,8.16205883026123
1998-01-02,7.997506618499756
1998-01-05,7.9481329917907715
1998-01-06,7.964591026306152
1998-01-07,7.964591026306152
1998-01-08,7.9481329917907715
1998-01-09,7.882309913635254
1998-01-12,7.882309913635254
1998-01-13,7.9481329917907715
1998-01-14,7.9481329917907715
1998-01-15,7.91522741317749
1998-01-16,7.931682586669922
1998-01-20,7.997506618499756
1998-01-21,7.981049537658691
1998-01-22,7.981049537658691
1998-01-23,7.898767948150635
1998-01-26,7.931682586669922
1998-01-27,7.865856647491455
1998-01-28,7.882309913635254
1998-01-29,7.882309913635254
1998-01-30,7.849401473999023
1998-02-02,7.91522741317749
1998-02-03,7.91522741317749
1998-02-04,7.931682586669922
1998-02-05,7.964591026306152
1998-02-06,7.997506618499756
1998-02-09,7.931682586669922
1998-02-10,7.91522741317749
1998-02-11,7.91522741317749
1998-02-12,7.898767948150635
1998-02-13,7.882309913635254
1998-02-17,7.865856647491455
1998-02-18,7.80003023147583
1998-02-19,7.767124652862549
1998-02-20,7.717757225036621
1998-02-23,7.684846878051758
1998-02-24,7.635476589202881
1998-02-25,7.651933193206787
1998-02-26,7.668388366699219
1998-02-27,7.619019985198975
1998-03-02,7.635476589202881
1998-03-03,7.651933193206787
1998-03-04,7.635476589202881
1998-03-05,7.651933193206787
1998-03-06,7.602562427520752
1998-03-09,7.5696516036987305
1998-03-10,7.602562427520752
1998-03-11,7.5696516036987305
1998-03-12,7.5696516036987305
1998-03-13,7.651933193206787
1998-03-16,7.668388366699219
1998-03-17,7.684846878051758
1998-03-18,7.651933193206787
1998-03-19,7.619019985198975
1998-03-20,7.701301097869873
1998-03-23,7.80003023147583
1998-03-24,7.783583164215088
1998-03-25,7.816490650177002
1998-03-26,7.849401473999023
1998-03-27,7.817263603210449
1998-03-30,7.867481708526611
1998-03-31,7.934433937072754
1998-04-01,7.884218215942383
1998-04-02,8.001394271850586
1998-04-03,8.068351745605469
1998-04-06,8.16878604888916
1998-04-07,8.202266693115234
1998-04-08,8.135310173034668
1998-04-09,8.252486228942871
1998-04-13,8.202266693115234
1998-04-14,8.302702903747559
1998-04-15,8.219006538391113
1998-04-16,8.051612854003906
1998-04-17,8.03487491607666
1998-04-20,8.03487491607666
1998-04-21,7.967913627624512
1998-04-22,7.967913627624512
1998-04-23,7.867481708526611
1998-04-24,7.817263603210449
1998-04-27,7.599651336669922
1998-04-28,7.515954494476318
1998-04-29,7.582913875579834
1998-04-30,7.850741386413574
1998-05-01,7.8339996337890625
1998-05-04,7.951176166534424
1998-05-05,7.917700290679932
1998-05-06,7.9009623527526855
1998-05-07,7.817263603210449
1998-05-08,7.767045021057129
1998-05-11,7.917700290679932
1998-05-12,7.967913627624512
1998-05-13,8.018133163452148
1998-05-14,8.068351745605469
1998-05-15,8.135310173034668
1998-05-18,8.16878604888916
1998-05-19,8.185528755187988
1998-05-20,8.101828575134277
1998-05-21,7.98465633392334
1998-05-22,8.068351745605469
1998-05-26,7.917700290679932
1998-05-27,8.118570327758789
1998-05-28,8.068351745605469
1998-05-29,8.185528755187988
1998-06-01,8.219006538391113
1998-06-02,8.202266693115234
1998-06-03,8.28596305847168
1998-06-04,8.28596305847168
1998-06-05,8.252486228942871
1998-06-08,8.16878604888916
1998-06-09,8.15204906463623
1998-06-10,8.051612854003906
1998-06-11,7.951176166534424
1998-06-12,7.98465633392334
1998-06-15,7.951176166534424
1998-06-16,7.867481708526611
1998-06-17,7.884218215942383
1998-06-18,7.917700290679932
1998-06-19,7.917700290679932
1998-06-22,7.917700290679932
1998-06-23,8.001394271850586
1998-06-24,7.934433937072754
1998-06-25,7.817263603210449
1998-06-26,7.9037933349609375
1998-06-29,8.005996704101562
1998-06-30,8.108205795288086
1998-07-01,8.091169357299805
1998-07-02,8.108205795288086
1998-07-06,8.159307479858398
1998-07-07,8.261510848999023
1998-07-08,8.227437019348145
1998-07-09,8.19336986541748
1998-07-10,8.159307479858398
1998-07-13,8.1422700881958
1998-07-14,8.159307479858398
1998-07-15,8.176344871520996
1998-07-16,8.176344871520996
1998-07-17,8.159307479858398
1998-07-20,8.210408210754395
1998-07-21,8.176344871520996
1998-07-22,8.040071487426758
1998-07-23,7.954897403717041
1998-07-24,7.954897403717041
1998-07-27,7.920825004577637
1998-07-28,7.818624496459961
1998-07-29,7.767519950866699
1998-07-30,7.886762619018555
1998-07-31,7.852692127227783
1998-08-03,7.767519950866699
1998-08-04,7.648283004760742
1998-08-05,7.597184181213379
1998-08-06,7.631251811981201
1998-08-07,7.818624496459961
1998-08-10,7.8015875816345215
1998-08-11,7.699388027191162
1998-08-12,7.7164225578308105
1998-08-13,7.7164225578308105
1998-08-14,7.7164225578308105
1998-08-17,7.767519950866699
1998-08-18,7.886762619018555
1998-08-19,7.835659980773926
1998-08-20,7.8015875816345215
1998-08-21,7.750486850738525
1998-08-24,7.665318965911865
1998-08-25,7.494977951049805
1998-08-26,7.443878173828125
1998-08-27,7.1031904220581055
1998-08-28,7.035057067871094
1998-08-31,6.830654621124268
1998-09-01,6.915821552276611
1998-09-02,6.949891567230225
1998-09-03,7.018024921417236
1998-09-04,7.018024921417236
1998-09-08,7.069124698638916
1998-09-09,7.05209493637085
1998-09-10,7.086161136627197
1998-09-11,7.1202311515808105
1998-09-14,7.188365936279297
1998-09-15,7.358706474304199
1998-09-16,7.299088001251221
1998-09-17,7.409811019897461
1998-09-18,7.546079158782959
1998-09-21,7.648283004760742
1998-09-22,7.869728088378906
1998-09-23,7.886762619018555
1998-09-24,7.818624496459961
1998-09-25,7.784556865692139
1998-09-28,7.768605709075928
1998-09-29,7.664557456970215
1998-09-30,7.7512640953063965
1998-10-01,7.699242115020752
1998-10-02,7.629878520965576
1998-10-05,7.456471920013428
1998-10-06,7.491153240203857
1998-10-07,7.439133644104004
1998-10-08,6.901570796966553
1998-10-09,7.04029655456543
1998-10-12,7.283066272735596
1998-10-13,7.196360111236572
1998-10-14,7.161679744720459
1998-10-15,7.109659671783447
1998-10-16,7.3177490234375
1998-10-19,7.456471920013428
1998-10-20,7.456471920013428
1998-10-21,7.421789646148682
1998-10-22,7.456471920013428
1998-10-23,7.352428913116455
1998-10-26,7.387115001678467
1998-10-27,7.352428913116455
1998-10-28,7.352428913116455
1998-10-29,7.439133644104004
1998-10-30,7.456471920013428
1998-11-02,7.439133644104004
1998-11-03,7.439133644104004
1998-11-04,7.508495807647705
1998-11-05,7.560517311096191
1998-11-06,7.612539291381836
1998-11-09,7.577857971191406
1998-11-10,7.543178081512451
1998-11-11,7.421789646148682
1998-11-12,7.52583122253418
1998-11-13,7.508495807647705
1998-11-16,7.439133644104004
1998-11-17,7.439133644104004
1998-11-18,7.335087299346924
1998-11-19,7.265726089477539
1998-11-20,7.2310404777526855
1998-11-23,7.127002239227295
1998-11-24,7.109659671783447
1998-11-25,7.07498025894165
1998-11-27,7.127002239227295
1998-11-30,7.127002239227295
1998-12-01,7.265726089477539
1998-12-02,7.265726089477539
1998-12-03,7.2310404777526855
1998-12-04,7.335087299346924
1998-12-07,7.421789646148682
1998-12-08,7.473816394805908
1998-12-09,7.439133644104004
1998-12-10,7.387115001678467
1998-12-11,7.421789646148682
1998-12-14,7.421789646148682
1998-12-15,7.283066272735596
1998-12-16,7.473816394805908
1998-12-17,7.352428913116455
1998-12-18,7.247777938842773
1998-12-21,7.283133506774902
1998-12-22,7.300808906555176
1998-12-23,7.353842258453369
1998-12-24,7.353842258453369
1998-12-28,7.33616304397583
1998-12-29,7.300808906555176
1998-12-30,7.247777938842773
1998-12-31,7.353842258453369
1999-01-04,7.33616304397583
1999-01-05,7.4775848388671875
1999-01-06,7.530622959136963
1999-01-07,7.442229747772217
1999-01-08,7.4775848388671875
1999-01-11,7.424553394317627
1999-01-12,7.406875133514404
1999-01-13,7.459909915924072
1999-01-14,7.353842258453369
1999-01-15,7.442229747772217
1999-01-19,7.424553394317627
1999-01-20,7.442229747772217
1999-01-21,7.318490982055664
1999-01-22,7.300808906555176
1999-01-25,7.318490982055664
1999-01-26,7.194746017456055
1999-01-27,7.141713619232178
1999-01-28,7.106357574462891
1999-01-29,7.035646915435791
1999-02-01,7.124038219451904
1999-02-02,7.141713619232178
1999-02-03,7.2124247550964355
1999-02-04,7.2124247550964355
1999-02-05,7.177068710327148
1999-02-08,7.177068710327148
1999-02-09,7.33616304397583
1999-02-10,7.2654571533203125
1999-02-11,7.247777938842773
1999-02-12,7.33616304397583
1999-02-16,7.318490982055664
1999-02-17,7.300808906555176
1999-02-18,7.2124247550964355
1999-02-19,7.177068710327148
1999-02-22,7.159390449523926
1999-02-23,6.9295830726623535
1999-02-24,6.911902904510498
1999-02-25,6.841198444366455
1999-02-26,6.9295830726623535
1999-03-01,6.9295830726623535
1999-03-02,6.911902904510498
1999-03-03,7.017969608306885
1999-03-04,6.9295830726623535
1999-03-05,6.982616424560547
1999-03-08,6.964936256408691
1999-03-09,7.035646915435791
1999-03-10,6.982616424560547
1999-03-11,6.982616424560547
1999-03-12,7.017969608306885
1999-03-15,7.053328037261963
1999-03-16,7.017969608306885
1999-03-17,7.000293731689453
1999-03-18,6.982616424560547
1999-03-19,6.982616424560547
1999-03-22,6.947261333465576
1999-03-23,6.911902904510498
1999-03-24,7.000293731689453
1999-03-25,6.9295830726623535
1999-03-26,6.947261333465576
1999-03-29,7.097519874572754
1999-03-30,7.043336868286133
1999-03-31,7.151693344116211
1999-04-01,7.097519874572754
1999-04-05,6.989161014556885
1999-04-06,6.971097946166992
1999-04-07,6.989161014556885
1999-04-08,7.00722074508667
1999-04-09,7.06139612197876
1999-04-12,7.097519874572754
1999-04-13,7.187816619873047
1999-04-14,7.386476516723633
1999-04-15,7.512893199920654
1999-04-16,7.783794403076172
1999-04-19,7.693498134613037
1999-04-20,7.711555480957031
1999-04-21,7.747672080993652
1999-04-22,7.783794403076172
1999-04-23,7.801852703094482
1999-04-26,7.675434589385986
1999-04-27,7.729614734649658
1999-04-28,7.76573371887207
1999-04-29,7.747672080993652
1999-04-30,7.801852703094482
1999-05-03,7.819907188415527
1999-05-04,7.874092102050781
1999-05-05,7.837965965270996
1999-05-06,7.8560333251953125
1999-05-07,7.8560333251953125
1999-05-10,7.874092102050781
1999-05-11,7.946330547332764
1999-05-12,7.910209655761719
1999-05-13,8.018571853637695
1999-05-14,7.892152786254883
1999-05-17,7.801852703094482
1999-05-18,7.747672080993652
1999-05-19,7.837965965270996
1999-05-20,7.910209655761719
1999-05-21,8.000511169433594
1999-05-24,7.910209655761719
1999-05-25,7.9282684326171875
1999-05-26,7.801852703094482
1999-05-27,7.837965965270996
1999-05-28,7.9282684326171875
1999-06-01,7.837965965270996
1999-06-02,7.892152786254883
1999-06-03,7.982448101043701
1999-06-04,7.964391231536865
1999-06-07,8.000511169433594
1999-06-08,7.9959940910339355
1999-06-09,7.982448101043701
1999-06-10,7.982448101043701
1999-06-11,7.9282684326171875
1999-06-14,7.910209655761719
1999-06-15,8.018571853637695
1999-06-16,8.144990921020508
1999-06-17,8.126930236816406
1999-06-18,8.09080982208252
1999-06-21,8.144990921020508
1999-06-22,8.072749137878418
1999-06-23,8.000511169433594
1999-06-24,7.910209655761719
1999-06-25,7.982448101043701
1999-06-28,8.135588645935059
1999-06-29,8.06196403503418
1999-06-30,8.172403335571289
1999-07-01,8.301250457763672
1999-07-02,8.006746292114258
1999-07-06,8.09877872467041
1999-07-07,8.117186546325684
1999-07-08,8.09877872467041
1999-07-09,8.135588645935059
1999-07-12,8.117186546325684
1999-07-13,8.19080924987793
1999-07-14,8.153999328613281
1999-07-15,8.172403335571289
1999-07-16,8.172403335571289
1999-07-19,8.264435768127441
1999-07-20,8.227621078491211
1999-07-21,8.246026992797852
1999-07-22,8.172403335571289
1999-07-23,8.19080924987793
1999-07-26,8.172403335571289
1999-07-27,8.19080924987793
1999-07-28,8.117186546325684
1999-07-29,8.06196403503418
1999-07-30,8.282843589782715
1999-08-02,8.172403335571289
1999-08-03,8.19080924987793
1999-08-04,8.227621078491211
1999-08-05,8.246026992797852
1999-08-06,8.172403335571289
1999-08-09,8.172403335571289
1999-08-10,8.153999328613281
1999-08-11,8.19080924987793
1999-08-12,8.19080924987793
1999-08-13,8.227621078491211
1999-08-16,8.227621078491211
1999-08-17,8.227621078491211
1999-08-18,8.227621078491211
1999-08-19,8.246026992797852
1999-08-20,8.227621078491211
1999-08-23,8.227621078491211
1999-08-24,8.19080924987793
1999-08-25,8.19080924987793
1999-08-26,8.172403335571289
1999-08-27,8.117186546325684
1999-08-30,8.080370903015137
1999-08-31,8.172403335571289
1999-09-01,8.117186546325684
1999-09-02,8.09877872467041
1999-09-03,8.135588645935059
1999-09-07,8.06196403503418
1999-09-08,8.006746292114258
1999-09-09,7.951529502868652
1999-09-10,7.9147138595581055
1999-09-13,7.841094493865967
1999-09-14,7.730652809143066
1999-09-15,7.693841934204102
1999-09-16,7.712245464324951
1999-09-17,7.859496593475342
1999-09-20,7.859496593475342
1999-09-21,7.822686195373535
1999-09-22,7.712245464324951
1999-09-23,7.730652809143066
1999-09-24,7.767467975616455
1999-09-27,7.767467975616455
1999-09-28,7.792245864868164
1999-09-29,7.792245864868164
1999-09-30,8.073896408081055
1999-10-01,7.904910087585449
1999-10-04,7.88613224029541
1999-10-05,7.923687934875488
1999-10-06,8.017570495605469
1999-10-07,8.073896408081055
1999-10-08,8.09267520904541
1999-10-11,8.073896408081055
1999-10-12,7.980015277862549
1999-10-13,7.848579406738281
1999-10-14,7.904910087585449
1999-10-15,7.88613224029541
1999-10-18,7.94246244430542
1999-10-19,7.96123743057251
1999-10-20,7.980015277862549
1999-10-21,7.904910087585449
1999-10-22,7.96123743057251
1999-10-25,7.94246244430542
1999-10-26,7.96123743057251
1999-10-27,7.94246244430542
1999-10-28,7.998790264129639
1999-10-29,8.13022518157959
1999-11-01,8.149001121520996
1999-11-02,8.22411060333252
1999-11-03,8.22411060333252
1999-11-04,8.186559677124023
1999-11-05,8.073896408081055
1999-11-08,8.167783737182617
1999-11-09,8.149001121520996
1999-11-10,8.149001121520996
1999-11-11,8.186559677124023
1999-11-12,8.073896408081055
1999-11-15,8.055120468139648
1999-11-16,8.036349296569824
1999-11-17,8.09267520904541
1999-11-18,8.09267520904541
1999-11-19,8.22411060333252
1999-11-22,8.111446380615234
1999-11-23,8.055120468139648
1999-11-24,8.017570495605469
1999-11-26,7.980015277862549
1999-11-29,7.96123743057251
1999-11-30,8.036349296569824
1999-12-01,8.036349296569824
1999-12-02,7.980015277862549
1999-12-03,7.94246244430542
1999-12-06,7.829804420471191
1999-12-07,7.980015277862549
1999-12-08,7.923687934875488
1999-12-09,7.94246244430542
1999-12-10,7.811025619506836
1999-12-13,7.792245864868164
1999-12-14,7.698366641998291
1999-12-15,7.811025619506836
1999-12-16,7.836318016052246
1999-12-17,7.817159652709961
1999-12-20,7.9512715339660645
1999-12-21,7.970433235168457
1999-12-22,7.893796920776367
1999-12-23,7.912955284118652
1999-12-27,7.970433235168457
1999-12-28,7.970433235168457
1999-12-29,8.104557037353516
1999-12-30,8.219513893127441
1999-12-31,8.506906509399414
2000-01-03,8.219513893127441
2000-01-04,8.008752822875977
2000-01-05,8.027912139892578
2000-01-06,8.181192398071289
2000-01-07,8.334471702575684
2000-01-10,8.238668441772461
2000-01-11,8.200353622436523
2000-01-12,8.162035942077637
2000-01-13,8.238668441772461
2000-01-14,8.238668441772461
2000-01-18,8.238668441772461
2000-01-19,8.353630065917969
2000-01-20,8.353630065917969
2000-01-21,8.238668441772461
2000-01-24,8.181192398071289
2000-01-25,8.142875671386719
2000-01-26,8.238668441772461
2000-01-27,8.162035942077637
2000-01-28,8.085395812988281
2000-01-31,7.932117938995361
2000-02-01,8.123713493347168
2000-02-02,7.989593029022217
2000-02-03,8.027912139892578
2000-02-04,8.066234588623047
2000-02-07,7.970433235168457
2000-02-08,8.123713493347168
2000-02-09,8.047074317932129
2000-02-10,8.066234588623047
2000-02-11,8.047074317932129
2000-02-14,8.047074317932129
2000-02-15,8.085395812988281
2000-02-16,8.123713493347168
2000-02-17,8.162035942077637
2000-02-18,8.123713493347168
2000-02-22,8.142875671386719
2000-02-23,8.142875671386719
2000-02-24,8.104557037353516
2000-02-25,8.085395812988281
2000-02-28,8.047074317932129
2000-02-29,8.219513893127441
2000-03-01,8.085395812988281
2000-03-02,8.104557037353516
2000-03-03,8.142875671386719
2000-03-06,8.200353622436523
2000-03-07,8.047074317932129
2000-03-08,8.142875671386719
2000-03-09,8.162035942077637
2000-03-10,8.142875671386719
2000-03-13,8.123713493347168
2000-03-14,8.123713493347168
2000-03-15,8.162035942077637
2000-03-16,8.334471702575684
2000-03-17,8.334471702575684
2000-03-20,8.391946792602539
2000-03-21,8.315309524536133
2000-03-22,8.391946792602539
2000-03-23,8.391946792602539
2000-03-24,8.353630065917969
2000-03-27,8.315309524536133
2000-03-28,8.238668441772461
2000-03-29,8.356246948242188
2000-03-30,8.356246948242188
2000-03-31,8.473664283752441
2000-04-03,8.473664283752441
2000-04-04,8.512802124023438
2000-04-05,8.630218505859375
2000-04-06,8.669360160827637
2000-04-07,8.747635841369629
2000-04-10,8.747635841369629
2000-04-11,8.786778450012207
2000-04-12,8.904194831848145
2000-04-13,9.021614074707031
2000-04-14,9.002043724060059
2000-04-17,9.002043724060059
2000-04-18,9.021614074707031
2000-04-19,9.002043724060059
2000-04-20,9.002043724060059
2000-04-24,8.943334579467773
2000-04-25,9.04118537902832
2000-04-26,9.04118537902832
2000-04-27,9.060752868652344
2000-04-28,8.884626388549805
2000-05-01,8.923765182495117
2000-05-02,8.962907791137695
2000-05-03,9.060752868652344
2000-05-04,9.021614074707031
2000-05-05,9.060752868652344
2000-05-08,9.04118537902832
2000-05-09,8.982471466064453
2000-05-10,8.962907791137695
2000-05-11,9.04118537902832
2000-05-12,9.060752868652344
2000-05-15,9.08032512664795
2000-05-16,9.021614074707031
2000-05-17,8.884626388549805
2000-05-18,8.865056037902832
2000-05-19,8.865056037902832
2000-05-22,8.904194831848145
2000-05-23,8.923765182495117
2000-05-24,9.021614074707031
2000-05-25,8.884626388549805
2000-05-26,8.943334579467773
2000-05-30,8.943334579467773
2000-05-31,8.786778450012207
2000-06-01,8.767206192016602
2000-06-02,8.845486640930176
2000-06-05,8.806347846984863
2000-06-06,8.962907791137695
2000-06-07,9.002043724060059
2000-06-08,9.060752868652344
2000-06-09,9.08032512664795
2000-06-12,9.060752868652344
2000-06-13,9.276020050048828
2000-06-14,9.413005828857422
2000-06-15,9.510857582092285
2000-06-16,9.295587539672852
2000-06-19,9.628274917602539
2000-06-20,9.549997329711914
2000-06-21,9.589131355285645
2000-06-22,9.452146530151367
2000-06-23,9.47171401977539
2000-06-26,9.47171401977539
2000-06-27,9.47171401977539
2000-06-28,9.59151840209961
2000-06-29,9.5516357421875
2000-06-30,9.377156257629395
2000-07-03,9.43199348449707
2000-07-05,9.59151840209961
2000-07-06,9.6912202835083
2000-07-07,9.61146354675293
2000-07-10,9.671283721923828
2000-07-11,9.61146354675293
2000-07-12,9.5516357421875
2000-07-13,9.5516357421875
2000-07-14,9.531694412231445
2000-07-17,9.511754989624023
2000-07-18,9.491813659667969
2000-07-19,9.491813659667969
2000-07-20,9.531694412231445
2000-07-21,9.511754989624023
2000-07-24,9.59151840209961
2000-07-25,9.631401062011719
2000-07-26,9.631401062011719
2000-07-27,9.830805778503418
2000-07-28,9.870694160461426
2000-07-31,9.970394134521484
2000-08-01,10.209683418273926
2000-08-02,10.030214309692383
2000-08-03,10.010275840759277
2000-08-04,9.930517196655273
2000-08-07,9.930517196655273
2000-08-08,9.950454711914062
2000-08-09,9.990338325500488
2000-08-10,9.91057300567627
2000-08-11,9.850749969482422
2000-08-14,9.930517196655273
2000-08-15,9.870694160461426
2000-08-16,9.950454711914062
2000-08-17,9.950454711914062
2000-08-18,9.850749969482422
2000-08-21,9.830805778503418
2000-08-22,9.790924072265625
2000-08-23,9.731108665466309
2000-08-24,9.59151840209961
2000-08-25,9.531694412231445
2000-08-28,9.45193862915039
2000-08-29,9.392111778259277
2000-08-30,9.5516357421875
2000-08-31,9.5516357421875
2000-09-01,9.5516357421875
2000-09-05,9.5516357421875
2000-09-06,9.531694412231445
2000-09-07,9.631401062011719
2000-09-08,9.731108665466309
2000-09-11,9.77098560333252
2000-09-12,9.790924072265625
2000-09-13,9.790924072265625
2000-09-14,9.830805778503418
2000-09-15,9.731108665466309
2000-09-18,9.511754989624023
2000-09-19,9.5516357421875
2000-09-20,9.671283721923828
2000-09-21,9.531694412231445
2000-09-22,9.6912202835083
2000-09-25,9.651341438293457
2000-09-26,9.671283721923828
2000-09-27,9.833988189697266
2000-09-28,9.955900192260742
2000-09-29,10.07780647277832
2000-10-02,9.833988189697266
2000-10-03,9.59017276763916
2000-10-04,9.59017276763916
2000-10-05,9.69176197052002
2000-10-06,9.75272274017334
2000-10-09,9.712082862854004
2000-10-10,9.75272274017334
2000-10-11,9.569856643676758
2000-10-12,9.407307624816895
2000-10-13,9.549537658691406
2000-10-16,9.610491752624512
2000-10-17,9.569856643676758
2000-10-18,9.569856643676758
2000-10-19,9.712082862854004
2000-10-20,9.712082862854004
2000-10-23,9.59017276763916
2000-10-24,9.407307624816895
2000-10-25,9.163490295410156
2000-10-26,9.305720329284668
2000-10-27,9.346352577209473
2000-10-30,9.183812141418457
2000-10-31,9.305720329284668
2000-11-01,9.265083312988281
2000-11-02,9.32603645324707
2000-11-03,9.32603645324707
2000-11-06,9.508902549743652
2000-11-07,9.407307624816895
2000-11-08,9.447942733764648
2000-11-09,9.508902549743652
2000-11-10,9.468263626098633
2000-11-13,9.488584518432617
2000-11-14,9.488584518432617
2000-11-15,9.63081169128418
2000-11-16,9.549537658691406
2000-11-17,9.773038864135742
2000-11-20,9.833988189697266
2000-11-21,9.73239803314209
2000-11-22,9.712082862854004
2000-11-24,9.773038864135742
2000-11-27,9.73239803314209
2000-11-28,9.75272274017334
2000-11-29,9.935583114624023
2000-11-30,10.09813117980957
2000-12-01,10.09813117980957
2000-12-04,10.118447303771973
2000-12-05,10.321627616882324
2000-12-06,10.280988693237305
2000-12-07,10.301305770874023
2000-12-08,10.44353199005127
2000-12-11,10.524812698364258
2000-12-12,10.463858604431152
2000-12-13,10.484176635742188
2000-12-14,10.505013465881348
2000-12-15,10.525694847106934
2000-12-18,10.587732315063477
2000-12-19,10.732489585876465
2000-12-20,10.877241134643555
2000-12-21,10.79452896118164
2000-12-22,10.835885047912598
2000-12-26,10.877241134643555
2000-12-27,11.001319885253906
2000-12-28,11.187430381774902
2000-12-29,11.084033966064453
2001-01-02,10.877241134643555
2001-01-03,10.980634689331055
2001-01-04,10.939278602600098
2001-01-05,10.732489585876465
2001-01-08,10.670451164245605
2001-01-09,10.79452896118164
2001-01-10,10.856565475463867
2001-01-11,10.753161430358887
2001-01-12,10.79452896118164
2001-01-16,10.753161430358887
2001-01-17,10.711809158325195
2001-01-18,10.773842811584473
2001-01-19,10.753161430358887
2001-01-22,10.773842811584473
2001-01-23,10.918600082397461
2001-01-24,10.877241134643555
2001-01-25,10.877241134643555
2001-01-26,10.877241134643555
2001-01-29,10.915295600891113
2001-01-30,10.981466293334961
2001-01-31,11.001319885253906
2001-02-01,11.014552116394043
2001-02-02,11.001319885253906
2001-02-05,10.931839942932129
2001-02-06,10.849122047424316
2001-02-07,10.868968963623047
2001-02-08,10.62743854522705
2001-02-09,10.471931457519531
2001-02-12,10.538103103637695
2001-02-13,10.505013465881348
2001-02-14,10.538103103637695
2001-02-15,10.65721607208252
2001-02-16,10.571186065673828
2001-02-20,10.538103103637695
2001-02-21,10.389215469360352
2001-02-22,10.280028343200684
2001-02-23,10.372674942016602
2001-02-26,10.554645538330078
2001-02-27,10.491783142089844
2001-02-28,10.594356536865234
2001-03-01,10.802794456481934
2001-03-02,10.786258697509766
2001-03-05,10.68699836730957
2001-03-06,10.720077514648438
2001-03-07,10.773014068603516
2001-03-08,10.703533172607422
2001-03-09,10.703533172607422
2001-03-12,10.637367248535156
2001-03-13,10.677068710327148
2001-03-14,10.680373191833496
2001-03-15,10.637367248535156
2001-03-16,10.653905868530273
2001-03-19,10.835885047912598
2001-03-20,10.868968963623047
2001-03-21,10.802794456481934
2001-03-22,10.885515213012695
2001-03-23,10.842501640319824
2001-03-26,10.839195251464844
2001-03-27,10.812722206115723
2001-03-28,10.85655403137207
2001-03-29,10.99141788482666
2001-03-30,11.2105712890625
2001-04-02,11.126282691955566
2001-04-03,11.031875610351562
2001-04-04,11.031875610351562
2001-04-05,11.14313793182373
2001-04-06,11.048738479614258
2001-04-09,11.058847427368164
2001-04-10,11.173483848571777
2001-04-11,11.095940589904785
2001-04-12,11.122913360595703
2001-04-16,11.159994125366211
2001-04-17,11.2105712890625
2001-04-18,11.230803489685059
2001-04-19,11.32857608795166
2001-04-20,11.26114559173584
2001-04-23,11.2105712890625
2001-04-24,11.217316627502441
2001-04-25,11.203827857971191
2001-04-26,11.22742748260498
2001-04-27,11.257770538330078
2001-04-30,11.22742748260498
2001-05-01,11.22742748260498
2001-05-02,11.213943481445312
2001-05-03,11.22742748260498
2001-05-04,11.26114559173584
2001-05-07,11.122913360595703
2001-05-08,11.173483848571777
2001-05-09,11.2105712890625
2001-05-10,11.14313793182373
2001-05-11,11.220686912536621
2001-05-14,11.22742748260498
2001-05-15,11.22742748260498
2001-05-16,11.193710327148438
2001-05-17,11.217316627502441
2001-05-18,11.2105712890625
2001-05-21,11.362288475036621
2001-05-22,11.369036674499512
2001-05-23,11.429730415344238
2001-05-24,11.4634370803833
2001-05-25,11.733173370361328
2001-05-29,11.652251243591309
2001-05-30,11.514019012451172
2001-05-31,11.598309516906738
2001-06-01,11.665740013122559
2001-06-04,11.61516284942627
2001-06-05,11.71631145477295
2001-06-06,11.736543655395508
2001-06-07,11.783742904663086
2001-06-08,11.75002384185791
2001-06-11,11.986047744750977
2001-06-12,12.137764930725098
2001-06-13,12.127649307250977
2001-06-14,12.191699981689453
2001-06-15,12.137764930725098
2001-06-18,12.17822265625
2001-06-19,12.171481132507324
2001-06-20,12.340054512023926
2001-06-21,12.35354232788086
2001-06-22,12.222052574157715
2001-06-25,12.188335418701172
2001-06-26,12.333318710327148
2001-06-27,12.395031929016113
2001-06-28,12.50818920135498
2001-06-29,12.5836181640625
2001-07-02,12.569900512695312
2001-07-03,12.563040733337402
2001-07-05,12.539045333862305
2001-07-06,12.590473175048828
2001-07-09,12.587039947509766
2001-07-10,12.521892547607422
2001-07-11,12.59389591217041
2001-07-12,12.6796236038208
2001-07-13,12.65218734741211
2001-07-16,12.662481307983398
2001-07-17,12.713908195495605
2001-07-18,12.621334075927734
2001-07-19,12.78934383392334
2001-07-20,12.734479904174805
2001-07-23,12.635047912597656
2001-07-24,12.515037536621094
2001-07-25,12.545900344848633
2001-07-26,12.587039947509766
2001-07-27,12.463605880737305
2001-07-30,12.686474800109863
2001-07-31,12.840773582458496
2001-08-01,12.8373441696167
2001-08-02,12.73790454864502
2001-08-03,12.724197387695312
2001-08-06,12.840773582458496
2001-08-07,12.909347534179688
2001-08-08,12.926496505737305
2001-08-09,12.943636894226074
2001-08-10,13.043075561523438
2001-08-13,12.926496505737305
2001-08-14,13.070499420166016
2001-08-15,13.18022346496582
2001-08-16,13.235085487365723
2001-08-17,13.351667404174805
2001-08-20,13.372230529785156
2001-08-21,13.468238830566406
2001-08-22,13.461384773254395
2001-08-23,13.481951713562012
2001-08-24,13.355088233947754
2001-08-27,13.28651237487793
2001-08-28,13.272799491882324
2001-08-29,13.029358863830566
2001-08-30,12.977922439575195
2001-08-31,12.977922439575195
2001-09-04,12.926496505737305
2001-09-05,12.87506103515625
2001-09-06,12.66933822631836
2001-09-07,12.552756309509277
2001-09-10,12.5836181640625
2001-09-17,12.316171646118164
2001-09-18,12.66933822631836
2001-09-19,12.600762367248535
2001-09-20,12.436177253723145
2001-09-21,12.360746383666992
2001-09-24,12.395031929016113
2001-09-25,12.463605880737305
2001-09-26,12.655410766601562
2001-09-27,12.791414260864258
2001-09-28,12.93787956237793
2001-10-01,12.979724884033203
2001-10-02,12.875107765197754
2001-10-03,12.547303199768066
2001-10-04,12.658892631530762
2001-10-05,12.620534896850586
2001-10-08,12.435708045959473
2001-10-09,12.282266616821289
2001-10-10,12.397356986999512
2001-10-11,12.362478256225586
2001-10-12,12.379914283752441
2001-10-15,12.477555274963379
2001-10-16,12.386889457702637
2001-10-17,12.418275833129883
2001-10-18,12.414786338806152
2001-10-19,12.386889457702637
2001-10-22,12.26483154296875
2001-10-23,12.153234481811523
2001-10-24,12.100933074951172
2001-10-25,12.128833770751953
2001-10-26,12.013745307922363
2001-10-29,11.968411445617676
2001-10-30,12.041647911071777
2001-10-31,12.1358060836792
2001-11-01,12.240423202514648
2001-11-02,12.170679092407227
2001-11-05,12.222981452941895
2001-11-06,12.460123062133789
2001-11-07,12.31714153289795
2001-11-08,12.345038414001465
2001-11-09,12.292726516723633
2001-11-12,12.31016731262207
2001-11-13,12.414786338806152
2001-11-14,12.554280281066895
2001-11-15,12.669356346130371
2001-11-16,12.648433685302734
2001-11-19,12.69028091430664
2001-11-20,12.637970924377441
2001-11-21,12.753057479858398
2001-11-23,12.812345504760742
2001-11-26,12.784438133239746
2001-11-27,12.732126235961914
2001-11-28,12.735612869262695
2001-11-29,12.798392295837402
2001-11-30,12.634489059448242
2001-12-03,12.561246871948242
2001-12-04,12.812345504760742
2001-12-05,12.882083892822266
2001-12-06,13.007628440856934
2001-12-07,13.03552532196045
2001-12-10,12.756545066833496
2001-12-11,12.93787956237793
2001-12-12,13.007628440856934
2001-12-13,13.080859184265137
2001-12-14,13.116303443908691
2001-12-17,13.116303443908691
2001-12-18,13.1730318069458
2001-12-19,13.045408248901367
2001-12-20,12.882339477539062
2001-12-21,12.939064979553223
2001-12-24,12.974507331848145
2001-12-26,12.924881935119629
2001-12-27,12.811441421508789
2001-12-28,12.85398006439209
2001-12-31,13.009963989257812
2002-01-02,12.921335220336914
2002-01-03,13.091493606567383
2002-01-04,13.009963989257812
2002-01-07,12.942606925964355
2002-01-08,13.027685165405273
2002-01-09,12.903614044189453
2002-01-10,12.85044002532959
2002-01-11,12.86107349395752
2002-01-14,13.009963989257812
2002-01-15,12.939064979553223
2002-01-16,12.744088172912598
2002-01-17,12.69091510772705
2002-01-18,12.492399215698242
2002-01-22,12.471128463745117
2002-01-23,12.478215217590332
2002-01-24,12.442769050598145
2002-01-25,12.297429084777832
2002-01-28,12.26197624206543
2002-01-29,12.30805778503418
2002-01-30,12.389594078063965
2002-01-31,12.35769271850586
2002-02-01,12.43568229675293
2002-02-04,12.577481269836426
2002-02-05,12.70864200592041
2002-02-06,12.595203399658203
2002-02-07,12.56684684753418
2002-02-08,12.70864200592041
2002-02-11,12.790176391601562
2002-02-12,12.705090522766113
2002-02-13,12.761815071105957
2002-02-14,12.70864200592041
2002-02-15,12.86107349395752
2002-02-19,12.669647216796875
2002-02-20,12.779537200927734
2002-02-21,12.683817863464355
2002-02-22,12.85044002532959
2002-02-25,12.829169273376465
2002-02-26,12.822081565856934
2002-02-27,12.797266960144043
2002-02-28,12.761815071105957
2002-03-01,13.045408248901367
2002-03-04,13.293563842773438
2002-03-05,13.506258010864258
2002-03-06,13.506258010864258
2002-03-07,13.52752685546875
2002-03-08,13.559431076049805
2002-03-11,13.470810890197754
2002-03-12,13.467259407043457
2002-03-13,13.368000030517578
2002-03-14,13.772124290466309
2002-03-15,13.679961204528809
2002-03-18,13.644510269165039
2002-03-19,13.7898530960083
2002-03-20,13.7012300491333
2002-03-21,13.825300216674805
2002-03-22,13.843026161193848
2002-03-25,13.825300216674805
2002-03-26,14.12620735168457
2002-03-27,14.122598648071289
2002-03-28,14.097373008728027
2002-04-01,14.064942359924316
2002-04-02,13.9784517288208
2002-04-03,13.9784517288208
2002-04-04,14.090170860290527
2002-04-05,14.27755355834961
2002-04-08,14.446932792663574
2002-04-09,14.670345306396484
2002-04-10,14.785660743713379
2002-04-11,14.627108573913574
2002-04-12,14.969449996948242
2002-04-15,14.767644882202148
2002-04-16,14.555034637451172
2002-04-17,14.364039421081543
2002-04-18,14.400074005126953
2002-04-19,14.234312057495117
2002-04-22,14.046919822692871
2002-04-23,13.744222640991211
2002-04-24,13.913592338562012
2002-04-25,14.144221305847168
2002-04-26,13.989264488220215
2002-04-29,14.155030250549316
2002-04-30,14.342419624328613
2002-05-01,14.162236213684082
2002-05-02,14.162236213684082
2002-05-03,13.964043617248535
2002-05-06,13.72980785369873
2002-05-07,13.636112213134766
2002-05-08,13.639710426330566
2002-05-09,13.423494338989258
2002-05-10,13.264936447143555
2002-05-13,13.333398818969727
2002-05-14,13.412687301635742
2002-05-15,13.477548599243164
2002-05-16,13.333398818969727
2002-05-17,13.419893264770508
2002-05-20,13.434304237365723
2002-05-21,13.28656005859375
2002-05-22,13.387463569641113
2002-05-23,13.585657119750977
2002-05-24,13.387463569641113
2002-05-28,13.654134750366211
2002-05-29,13.787460327148438
2002-05-30,13.909989356994629
2002-05-31,13.83791446685791
2002-06-03,13.83791446685791
2002-06-04,13.895574569702148
2002-06-05,13.938819885253906
2002-06-06,13.78386116027832
2002-06-07,13.946019172668457
2002-06-10,13.88115406036377
2002-06-11,13.873946189880371
2002-06-12,13.87034797668457
2002-06-13,13.819893836975098
2002-06-14,13.841514587402344
2002-06-17,13.72980785369873
2002-06-18,13.711779594421387
2002-06-19,13.72980785369873
2002-06-20,13.711779594421387
2002-06-21,13.72980785369873
2002-06-24,13.819893836975098
2002-06-25,13.816292762756348
2002-06-26,13.682540893554688
2002-06-27,13.631246566772461
2002-06-28,13.568951606750488
2002-07-01,13.649566650390625
2002-07-02,13.605595588684082
2002-07-03,13.37840461730957
2002-07-05,13.583603858947754
2002-07-08,13.129231452941895
2002-07-09,13.191522598266602
2002-07-10,12.920365333557129
2002-07-11,12.678518295288086
2002-07-12,12.762801170349121
2002-07-15,12.916704177856445
2002-07-16,12.825096130371094
2002-07-17,12.64920425415039
2002-07-18,12.194832801818848
2002-07-19,11.952991485595703
2002-07-22,11.637858390808105
2002-07-23,11.286079406738281
2002-07-24,11.36669635772705
2002-07-25,11.766108512878418
2002-07-26,12.220480918884277
2002-07-29,12.964335441589355
2002-07-30,13.264812469482422
2002-07-31,13.557951927185059
2002-08-01,12.916704177856445
2002-08-02,12.715166091918945
2002-08-05,12.414692878723145
2002-08-06,12.440343856811523
2002-08-07,12.715166091918945
2002-08-08,12.513628959655762
2002-08-09,12.293771743774414
2002-08-12,12.531946182250977
2002-08-13,12.367053031921387
2002-08-14,12.444009780883789
2002-08-15,12.55026912689209
2002-08-16,12.825096130371094
2002-08-19,12.64920425415039
2002-08-20,12.6895112991333
2002-08-21,12.678518295288086
2002-08-22,12.671191215515137
2002-08-23,12.663866996765137
2002-08-26,12.825096130371094
2002-08-27,12.8983793258667
2002-08-28,12.905709266662598
2002-08-29,12.905709266662598
2002-08-30,13.13655948638916
2002-09-03,13.085251808166504
2002-09-04,13.173196792602539
2002-09-05,13.048616409301758
2002-09-06,13.063277244567871
2002-09-09,13.026636123657227
2002-09-10,12.989988327026367
2002-09-11,12.986320495605469
2002-09-12,12.847078323364258
2002-09-13,12.799442291259766
2002-09-16,12.561267852783203
2002-09-17,12.660198211669922
2002-09-18,12.64188289642334
2002-09-19,12.586910247802734
2002-09-20,12.616229057312012
2002-09-23,12.586910247802734
2002-09-24,12.524620056152344
2002-09-25,12.440343856811523
2002-09-26,12.528099060058594
2002-09-27,12.19948959350586
2002-09-30,12.378729820251465
2002-10-01,12.262965202331543
2002-10-02,12.136004447937012
2002-10-03,12.162140846252441
2002-10-04,11.938094139099121
2002-10-07,11.710309982299805
2002-10-08,11.501199722290039
2002-10-09,11.105382919311523
2002-10-10,11.31822681427002
2002-10-11,11.407844543457031
2002-10-14,11.370506286621094
2002-10-15,11.661771774291992
2002-10-16,11.51613998413086
2002-10-17,11.594554901123047
2002-10-18,11.531070709228516
2002-10-21,11.448925018310547
2002-10-22,11.445189476013184
2002-10-23,11.325699806213379
2002-10-24,11.579614639282227
2002-10-25,11.687910079956055
2002-10-28,11.628165245056152
2002-10-29,11.482532501220703
2002-10-30,11.542281150817871
2002-10-31,11.702847480773926
2002-11-01,11.799934387207031
2002-11-04,12.08746337890625
2002-11-05,12.210691452026367
2002-11-06,12.266702651977539
2002-11-07,12.20322322845459
2002-11-08,12.109870910644531
2002-11-11,12.023982048034668
2002-11-12,12.266702651977539
2002-11-13,12.19948959350586
2002-11-14,12.360057830810547
2002-11-15,12.483283042907715
2002-11-18,12.453409194946289
2002-11-19,12.397398948669434
2002-11-20,12.419805526733398
2002-11-21,12.468347549438477
2002-11-22,12.688661575317383
2002-11-25,12.658797264099121
2002-11-26,12.640118598937988
2002-11-27,12.688661575317383
2002-11-29,12.692397117614746
2002-12-02,12.688661575317383
2002-12-03,12.826828002929688
2002-12-04,12.696131706237793
2002-12-05,12.684928894042969
2002-12-06,12.584107398986816
2002-12-09,12.658797264099121
2002-12-10,12.60278034210205
2002-12-11,12.658797264099121
2002-12-12,12.703600883483887
2002-12-13,12.811895370483398
2002-12-16,12.840429306030273
2002-12-17,12.669218063354492
2002-12-18,12.574103355407715
2002-12-19,12.555083274841309
2002-12-20,12.269734382629395
2002-12-23,12.37246322631836
2002-12-24,12.376264572143555
2002-12-26,12.478991508483887
2002-12-27,12.326807975769043
2002-12-30,12.421920776367188
2002-12-31,12.555083274841309
2003-01-02,12.543670654296875
2003-01-03,12.730094909667969
2003-01-06,12.931734085083008
2003-01-07,12.783356666564941
2003-01-08,12.749114990234375
2003-01-09,12.688238143920898
2003-01-10,12.562690734863281
2003-01-13,12.517036437988281
2003-01-14,12.482794761657715
2003-01-15,12.517036437988281
2003-01-16,12.38387393951416
2003-01-17,11.965374946594238
2003-01-21,12.060487747192383
2003-01-22,11.980594635009766
2003-01-23,11.942543029785156
2003-01-24,11.889284133911133
2003-01-27,11.680030822753906
2003-01-28,11.84362506866455
2003-01-29,11.980594635009766
2003-01-30,11.816994667053223
2003-01-31,11.984396934509277
2003-02-03,11.87406063079834
2003-02-04,11.984396934509277
2003-02-05,11.976788520812988
2003-02-06,11.984396934509277
2003-02-07,11.93112850189209
2003-02-10,11.957763671875
2003-02-11,11.79416275024414
2003-02-12,11.729487419128418
2003-02-13,11.775145530700684
2003-02-14,11.680030822753906
2003-02-18,11.801770210266113
2003-02-19,11.919718742370605
2003-02-20,11.9691743850708
2003-02-21,11.984396934509277
2003-02-24,11.908304214477539
2003-02-25,12.007221221923828
2003-02-26,11.972982406616211
2003-02-27,12.136576652526855
2003-02-28,12.136576652526855
2003-03-03,12.151795387268066
2003-03-04,12.079508781433105
2003-03-05,12.155604362487793
2003-03-06,12.064292907714844
2003-03-07,11.988203048706055
2003-03-10,11.896895408630371
2003-03-11,11.855039596557617
2003-03-12,11.851238250732422
2003-03-13,11.915916442871094
2003-03-14,11.99200439453125
2003-03-17,12.269734382629395
2003-03-18,12.21647834777832
2003-03-19,12.402899742126465
2003-03-20,12.517036437988281
2003-03-21,12.790964126586914
2003-03-24,12.555083274841309
2003-03-25,12.688238143920898
2003-03-26,12.726289749145508
2003-03-27,12.604122161865234
2003-03-28,12.56534194946289
2003-03-31,12.56534194946289
2003-04-01,12.77088451385498
2003-04-02,12.953161239624023
2003-04-03,12.918261528015137
2003-04-04,12.821306228637695
2003-04-07,13.015210151672363
2003-04-08,13.003579139709473
2003-04-09,13.053993225097656
2003-04-10,12.941529273986816
2003-04-11,12.829066276550293
2003-04-14,13.034601211547852
2003-04-15,13.108285903930664
2003-04-16,13.185853004455566
2003-04-17,13.325465202331543
2003-04-21,13.379761695861816
2003-04-22,13.573675155639648
2003-04-23,13.67063045501709
2003-04-24,13.573675155639648
2003-04-25,13.631842613220215
2003-04-28,13.64348030090332
2003-04-29,13.662871360778809
2003-04-30,13.554282188415527
2003-05-01,13.573675155639648
2003-05-02,13.515493392944336
2003-05-05,13.608580589294434
2003-05-06,13.573675155639648
2003-05-07,13.562037467956543
2003-05-08,13.542646408081055
2003-05-09,13.767585754394531
2003-05-12,13.802484512329102
2003-05-13,13.849020957946777
2003-05-14,13.74819278717041
2003-05-15,13.82187557220459
2003-05-16,13.825757026672363
2003-05-19,13.64348030090332
2003-05-20,13.67063045501709
2003-05-21,13.68614387512207
2003-05-22,13.825757026672363
2003-05-23,13.922713279724121
2003-05-27,13.833517074584961
2003-05-28,13.581428527832031
2003-05-29,13.162586212158203
2003-05-30,13.472844123840332
2003-06-02,13.531013488769531
2003-06-03,13.635722160339355
2003-06-04,13.73655891418457
2003-06-05,13.767585754394531
2003-06-06,14.011908531188965
2003-06-09,13.829631805419922
2003-06-10,13.961493492126465
2003-06-11,14.015783309936523
2003-06-12,13.891678810119629
2003-06-13,13.655116081237793
2003-06-16,13.802484512329102
2003-06-17,13.68614387512207
2003-06-18,13.48835563659668
2003-06-19,13.414670944213867
2003-06-20,13.410786628723145
2003-06-23,13.403035163879395
2003-06-24,13.492232322692871
2003-06-25,13.542646408081055
2003-06-26,13.627571105957031
2003-06-27,13.671025276184082
2003-06-30,13.805325508117676
2003-07-01,13.777673721313477
2003-07-02,14.006767272949219
2003-07-03,14.180584907531738
2003-07-07,14.287223815917969
2003-07-08,14.287223815917969
2003-07-09,14.220070838928223
2003-07-10,13.943577766418457
2003-07-11,14.058130264282227
2003-07-14,14.212176322937012
2003-07-15,14.160825729370117
2003-07-16,14.180584907531738
2003-07-17,13.975180625915527
2003-07-18,14.062076568603516
2003-07-21,14.030474662780762
2003-07-22,14.10157585144043
2003-07-23,14.01862621307373
2003-07-24,14.141073226928711
2003-07-25,14.283271789550781
2003-07-28,14.299078941345215
2003-07-29,14.417573928833008
2003-07-30,14.690130233764648
2003-07-31,14.737533569335938
2003-08-01,14.796778678894043
2003-08-04,14.796778678894043
2003-08-05,14.950819969177246
2003-08-06,15.010090827941895
2003-08-07,14.958734512329102
2003-08-08,14.867880821228027
2003-08-11,14.832326889038086
2003-08-12,14.836272239685059
2003-08-13,14.82837963104248
2003-08-14,14.95478343963623
2003-08-15,14.852073669433594
2003-08-18,14.938977241516113
2003-08-19,14.994281768798828
2003-08-20,15.002175331115723
2003-08-21,14.98637580871582
2003-08-22,14.871824264526367
2003-08-25,14.753324508666992
2003-08-26,14.832326889038086
2003-08-27,15.002175331115723
2003-08-28,15.010090827941895
2003-08-29,15.049581527709961
2003-09-02,15.239181518554688
2003-09-03,15.337930679321289
2003-09-04,15.326083183288574
2003-09-05,15.27868366241455
2003-09-08,15.401140213012695
2003-09-09,15.326083183288574
2003-09-10,15.124635696411133
2003-09-11,15.187828063964844
2003-09-12,15.223381042480469
2003-09-15,15.160186767578125
2003-09-16,15.298433303833008
2003-09-17,15.140430450439453
2003-09-18,15.258931159973145
2003-09-19,15.227327346801758
2003-09-22,15.345832824707031
2003-09-23,15.365578651428223
2003-09-24,15.314234733581543
2003-09-25,15.239181518554688
2003-09-26,15.313478469848633
2003-09-29,15.381749153137207
2003-09-30,15.43396282196045
2003-10-01,15.55444622039795
2003-10-02,15.6950101852417
2003-10-03,15.779342651367188
2003-10-06,16.00425148010254
2003-10-07,16.00827407836914
2003-10-08,16.05646514892578
2003-10-09,16.084575653076172
2003-10-10,16.064491271972656
2003-10-13,16.18497085571289
2003-10-14,16.225139617919922
2003-10-15,16.104656219482422
2003-10-16,16.193008422851562
2003-10-17,16.144813537597656
2003-10-20,16.13677978515625
2003-10-21,16.084575653076172
2003-10-22,15.964093208312988
2003-10-23,15.891801834106445
2003-10-24,15.783365249633789
2003-10-27,15.883771896362305
2003-10-28,15.727136611938477
2003-10-29,15.783365249633789
2003-10-30,15.87573528289795
2003-10-31,15.90384292602539
2003-11-03,16.233173370361328
2003-11-04,16.225139617919922
2003-11-05,16.040401458740234
2003-11-06,16.084575653076172
2003-11-07,16.345626831054688
2003-11-10,16.365692138671875
2003-11-11,16.265300750732422
2003-11-12,16.466102600097656
2003-11-13,16.58658790588379
2003-11-14,16.831573486328125
2003-11-17,16.80748176574707
2003-11-18,16.827552795410156
2003-11-19,16.907888412475586
2003-11-20,16.691007614135742
2003-11-21,16.727149963378906
2003-11-24,16.691007614135742
2003-11-25,16.91992950439453
2003-11-26,16.88779640197754
2003-11-28,16.883787155151367
2003-12-01,17.221139907836914
2003-12-02,17.309492111206055
2003-12-03,17.31753158569336
2003-12-04,17.32957649230957
2003-12-05,17.34964942932129
2003-12-08,17.34563636779785
2003-12-09,17.34964942932129
2003-12-10,17.309492111206055
2003-12-11,17.34964942932129
2003-12-12,17.578567504882812
2003-12-15,17.486204147338867
2003-12-16,17.602670669555664
2003-12-17,17.596561431884766
2003-12-18,17.539505004882812
2003-12-19,17.462074279785156
2003-12-22,17.592485427856445
2003-12-23,17.81253433227539
2003-12-24,17.804386138916016
2003-12-26,17.849210739135742
2003-12-29,17.930727005004883
2003-12-30,17.910343170166016
2003-12-31,18.0529727935791
2004-01-02,17.99184799194336
2004-01-05,18.032602310180664
2004-01-06,17.714740753173828
2004-01-07,17.523197174072266
2004-01-08,17.547653198242188
2004-01-09,17.523197174072266
2004-01-12,17.40909767150879
2004-01-13,17.09939193725586
2004-01-14,17.111616134643555
2004-01-15,17.1401424407959
2004-01-16,16.95267677307129
2004-01-20,16.858949661254883
2004-01-21,16.91192626953125
2004-01-22,16.87116813659668
2004-01-23,16.93230628967285
2004-01-26,17.09531021118164
2004-01-27,17.457990646362305
2004-01-28,17.523197174072266
2004-01-29,17.48244857788086
2004-01-30,17.726964950561523
2004-02-02,17.849210739135742
2004-02-03,17.881820678710938
2004-02-04,17.543582916259766
2004-02-05,17.788084030151367
2004-02-06,17.869590759277344
2004-02-09,17.930727005004883
2004-02-10,17.88996696472168
2004-02-11,18.17522621154785
2004-02-12,17.88996696472168
2004-02-13,17.80846405029297
2004-02-17,17.92664337158203
2004-02-18,17.930727005004883
2004-02-19,17.922571182250977
2004-02-20,17.910343170166016
2004-02-23,17.816614151000977
2004-02-24,17.865520477294922
2004-02-25,17.828834533691406
2004-02-26,17.726964950561523
2004-02-27,17.80846405029297
2004-03-01,17.987770080566406
2004-03-02,18.024456024169922
2004-03-03,18.17522621154785
2004-03-04,18.28118896484375
2004-03-05,18.411592483520508
2004-03-08,18.480873107910156
2004-03-09,18.407516479492188
2004-03-10,18.31785774230957
2004-03-11,18.17522621154785
2004-03-12,18.134475708007812
2004-03-15,18.03667449951172
2004-03-16,17.983699798583984
2004-03-17,18.338232040405273
2004-03-18,18.2648868560791
2004-03-19,18.31785774230957
2004-03-22,18.301559448242188
2004-03-23,18.37898826599121
2004-03-24,18.32600975036621
2004-03-25,18.419740676879883
2004-03-26,18.065195083618164
2004-03-29,17.996980667114258
2004-03-30,18.1623592376709
2004-03-31,18.584054946899414
2004-04-01,18.530315399169922
2004-04-02,18.418691635131836
2004-04-05,17.922563552856445
2004-04-06,17.48845672607422
2004-04-07,17.79853057861328
2004-04-08,17.691041946411133
2004-04-12,16.909639358520508
2004-04-13,16.963376998901367
2004-04-14,16.554086685180664
2004-04-15,16.905506134033203
2004-04-16,17.562870025634766
2004-04-19,17.43470573425293
2004-04-20,17.054346084594727
2004-04-21,17.12462615966797
2004-04-22,17.38095474243164
2004-04-23,17.24039077758789
2004-04-26,17.347883224487305
2004-04-27,17.49258804321289
2004-04-28,17.414031982421875
2004-04-29,17.24039077758789
2004-04-30,17.496721267700195
2004-05-03,17.69517707824707
2004-05-04,17.74892234802246
2004-05-05,17.711700439453125
2004-05-06,17.757186889648438
2004-05-07,17.61248016357422
2004-05-10,17.54220199584961
2004-05-11,17.69517707824707
2004-05-12,17.72825050354004
2004-05-13,17.922563552856445
2004-05-14,18.137554168701172
2004-05-17,18.3525333404541
2004-05-18,18.546863555908203
2004-05-19,18.025920867919922
2004-05-20,18.48070526123047
2004-05-21,18.439367294311523
2004-05-24,18.542724609375
2004-05-25,18.708101272583008
2004-05-26,18.997509002685547
2004-05-27,19.080198287963867
2004-05-28,19.311716079711914
2004-06-01,18.96029281616211
2004-06-02,19.142213821411133
2004-06-03,19.05951690673828
2004-06-04,19.018178939819336
2004-06-07,19.17115020751953
2004-06-08,19.299312591552734
2004-06-09,19.03472328186035
2004-06-10,18.935487747192383
2004-06-14,18.546863555908203
2004-06-15,18.88174057006836
2004-06-16,18.823856353759766
2004-06-17,18.703956604003906
2004-06-18,18.646080017089844
2004-06-21,18.85280418395996
2004-06-22,18.885873794555664
2004-06-23,18.985097885131836
2004-06-24,18.923084259033203
2004-06-25,18.906538009643555
2004-06-28,19.055387496948242
2004-06-29,18.92121696472168
2004-06-30,19.20212745666504
2004-07-01,19.20212745666504
2004-07-02,19.436918258666992
2004-07-06,19.474653244018555
2004-07-07,19.49560546875
2004-07-08,19.306936264038086
2004-07-09,19.46626091003418
2004-07-12,19.41176414489746
2004-07-13,19.273405075073242
2004-07-14,19.474653244018555
2004-07-15,19.54173469543457
2004-07-16,19.550121307373047
2004-07-19,19.625577926635742
2004-07-20,19.688472747802734
2004-07-21,19.64235496520996
2004-07-22,19.055387496948242
2004-07-23,18.96734046936035
2004-07-26,18.711591720581055
2004-07-27,18.585813522338867
2004-07-28,18.866718292236328
2004-07-29,18.711591720581055
2004-07-30,18.866718292236328
2004-08-02,19.348875045776367
2004-08-03,19.49980354309082
2004-08-04,19.49560546875
2004-08-05,19.353052139282227
2004-08-06,18.958948135375977
2004-08-09,19.13922691345215
2004-08-10,18.97992515563965
2004-08-11,18.866718292236328
2004-08-12,18.699018478393555
2004-08-13,18.623537063598633
2004-08-16,18.824790954589844
2004-08-17,19.026037216186523
2004-08-18,19.348875045776367
2004-08-19,18.87090492248535
2004-08-20,19.2650203704834
2004-08-23,19.43271255493164
2004-08-24,19.726194381713867
2004-08-25,19.55849838256836
2004-08-26,19.62138557434082
2004-08-27,19.46626091003418
2004-08-30,19.62138557434082
2004-08-31,19.738788604736328
2004-09-01,19.63815689086914
2004-09-02,19.650732040405273
2004-09-03,19.872936248779297
2004-09-07,20.019683837890625
2004-09-08,20.01548957824707
2004-09-09,19.474653244018555
2004-09-10,19.390792846679688
2004-09-13,19.097309112548828
2004-09-14,18.78286361694336
2004-09-15,19.076351165771484
2004-09-16,19.298555374145508
2004-09-17,19.327903747558594
2004-09-20,19.105693817138672
2004-09-21,19.181161880493164
2004-09-22,18.96734046936035
2004-09-23,19.034421920776367
2004-09-24,18.992494583129883
2004-09-27,18.992494583129883
2004-09-28,19.27101707458496
2004-09-29,19.28803062438965
2004-09-30,19.645217895507812
2004-10-01,20.03641700744629
2004-10-04,19.942867279052734
2004-10-05,19.15619659423828
2004-10-06,19.241254806518555
2004-10-07,19.181724548339844
2004-10-08,19.181724548339844
2004-10-11,18.97760009765625
2004-10-12,19.262508392333984
2004-10-13,19.13494300842285
2004-10-14,19.266765594482422
2004-10-15,19.51764488220215
2004-10-18,19.794038772583008
2004-10-19,19.730257034301758
2004-10-20,19.56441879272461
2004-10-21,19.60694122314453
2004-10-22,19.415599822998047
2004-10-25,19.10092544555664
2004-10-26,19.1732120513916
2004-10-27,19.5048828125
2004-10-28,19.43684959411621
2004-10-29,19.305038452148438
2004-11-01,19.50914192199707
2004-11-02,19.602684020996094
2004-11-03,19.560165405273438
2004-11-04,19.708986282348633
2004-11-05,18.824541091918945
2004-11-08,18.794775009155273
2004-11-09,19.105178833007812
2004-11-10,19.57292366027832
2004-11-11,19.794038772583008
2004-11-12,20.202255249023438
2004-11-15,20.59770393371582
2004-11-16,20.580699920654297
2004-11-17,20.304302215576172
2004-11-18,20.346820831298828
2004-11-19,20.1980037689209
2004-11-22,20.24477195739746
2004-11-23,20.453128814697266
2004-11-24,20.72102165222168
2004-11-26,20.610462188720703
2004-11-29,20.601964950561523
2004-11-30,20.84857749938965
2004-12-01,21.018667221069336
2004-12-02,20.929370880126953
2004-12-03,21.17601203918457
2004-12-06,21.295066833496094
2004-12-07,21.116472244262695
2004-12-08,21.10372543334961
2004-12-09,21.13348388671875
2004-12-10,21.38435935974121
2004-12-13,21.17601203918457
2004-12-14,21.312076568603516
2004-12-15,21.375871658325195
2004-12-16,21.048439025878906
2004-12-17,21.269554138183594
2004-12-20,21.24829864501953
2004-12-21,21.51618766784668
2004-12-22,21.520435333251953
2004-12-23,21.51618766784668
2004-12-27,21.409879684448242
2004-12-28,21.52894401550293
2004-12-29,21.62248992919922
2004-12-30,21.78826904296875
2004-12-31,21.96051025390625
2005-01-03,21.83131980895996
2005-01-04,21.37489128112793
2005-01-05,20.64718246459961
2005-01-06,20.68163299560547
2005-01-07,20.66872215270996
2005-01-10,20.67302131652832
2005-01-11,20.518003463745117
2005-01-12,20.46202850341797
2005-01-13,20.61704444885254
2005-01-14,20.6041202545166
2005-01-18,20.74622344970703
2005-01-19,20.75483512878418
2005-01-20,20.578279495239258
2005-01-21,20.62565803527832
2005-01-24,20.45341682434082
2005-01-25,19.984060287475586
2005-01-26,19.880725860595703
2005-01-27,19.52762222290039
2005-01-28,19.57499122619629
2005-01-31,19.510408401489258
2005-02-01,19.695571899414062
2005-02-02,19.605140686035156
2005-02-03,19.850570678710938
2005-02-04,19.89364242553711
2005-02-07,19.747236251831055
2005-02-08,19.566387176513672
2005-02-09,19.738624572753906
2005-02-10,19.850570678710938
2005-02-11,20.096019744873047
2005-02-14,20.031429290771484
2005-02-15,20.212284088134766
2005-02-16,20.285472869873047
2005-02-17,20.302711486816406
2005-02-18,20.182138442993164
2005-02-22,19.962528228759766
2005-02-23,20.16060447692871
2005-02-24,19.8677978515625
2005-02-25,20.298398971557617
2005-02-28,19.97976303100586
2005-03-01,20.060577392578125
2005-03-02,20.37775421142578
2005-03-03,20.681896209716797
2005-03-04,21.22066879272461
2005-03-07,21.44660186767578
2005-03-08,21.333637237548828
2005-03-09,20.668853759765625
2005-03-10,20.946937561035156
2005-03-11,20.71231460571289
2005-03-14,20.81658935546875
2005-03-15,20.8861141204834
2005-03-16,20.508094787597656
2005-03-17,20.664520263671875
2005-03-18,20.37775421142578
2005-03-21,20.256099700927734
2005-03-22,20.160505294799805
2005-03-23,20.2343692779541
2005-03-24,20.499406814575195
2005-03-28,20.547204971313477
2005-03-29,20.21698570251465
2005-03-30,20.447263717651367
2005-03-31,20.434234619140625
2005-04-01,20.32560920715332
2005-04-04,20.316930770874023
2005-04-05,20.3299617767334
2005-04-06,20.547204971313477
2005-04-07,20.794870376586914
2005-04-08,20.838314056396484
2005-04-11,20.786174774169922
2005-04-12,20.877422332763672
2005-04-13,20.890459060668945
2005-04-14,20.855693817138672
2005-04-15,20.929561614990234
2005-04-18,20.968658447265625
2005-04-19,21.090320587158203
2005-04-20,20.977354049682617
2005-04-21,21.094663619995117
2005-04-22,21.34667205810547
2005-04-25,21.833301544189453
2005-04-26,21.820261001586914
2005-04-27,21.933242797851562
2005-04-28,21.737707138061523
2005-04-29,22.159181594848633
2005-05-02,21.86371612548828
2005-05-03,21.76813316345215
2005-05-04,21.855024337768555
2005-05-05,21.811580657958984
2005-05-06,21.724685668945312
2005-05-09,21.998409271240234
2005-05-10,22.319929122924805
2005-05-11,22.254762649536133
2005-05-12,21.976682662963867
2005-05-13,21.88979721069336
2005-05-16,22.133113861083984
2005-05-17,22.115726470947266
2005-05-18,22.298208236694336
2005-05-19,22.62407684326172
2005-05-20,22.58498191833496
2005-05-23,22.58498191833496
2005-05-24,22.267797470092773
2005-05-25,21.96364974975586
2005-05-26,22.137451171875
2005-05-27,22.246070861816406
2005-05-31,22.42421531677246
2005-06-01,22.663185119628906
2005-06-02,22.593677520751953
2005-06-03,22.593677520751953
2005-06-06,22.724014282226562
2005-06-07,23.193262100219727
2005-06-08,23.39313316345215
2005-06-09,23.401830673217773
2005-06-10,23.658174514770508
2005-06-13,23.897144317626953
2005-06-14,24.04921531677246
2005-06-15,24.136119842529297
2005-06-16,24.1274356842041
2005-06-17,24.157848358154297
2005-06-20,24.157848358154297
2005-06-21,23.897144317626953
2005-06-22,23.88846206665039
2005-06-23,23.892807006835938
2005-06-24,23.723350524902344
2005-06-27,23.62342071533203
2005-06-28,23.6300048828125
2005-06-29,23.616823196411133
2005-06-30,23.6300048828125
2005-07-01,23.577251434326172
2005-07-05,23.739917755126953
2005-07-06,23.651996612548828
2005-07-07,23.810270309448242
2005-07-08,24.179553985595703
2005-07-11,24.504867553710938
2005-07-12,24.5576229095459
2005-07-13,24.355398178100586
2005-07-14,23.867406845092773
2005-07-15,23.73553466796875
2005-07-18,23.590450286865234
2005-07-19,23.6300048828125
2005-07-20,23.6300048828125
2005-07-21,23.480541229248047
2005-07-22,23.56406593322754
2005-07-25,23.673973083496094
2005-07-26,23.739917755126953
2005-07-27,23.739917755126953
2005-07-28,24.069639205932617
2005-07-29,24.30264663696289
2005-08-01,24.311429977416992
2005-08-02,24.667539596557617
2005-08-03,24.41254997253418
2005-08-04,23.89379119873047
2005-08-05,22.851879119873047
2005-08-08,21.941837310791016
2005-08-09,22.1088924407959
2005-08-10,22.50456428527832
2005-08-11,22.513349533081055
2005-08-12,22.271556854248047
2005-08-15,22.390268325805664
2005-08-16,22.53094482421875
2005-08-17,22.42103385925293
2005-08-18,22.289138793945312
2005-08-19,22.15726661682129
2005-08-22,22.152862548828125
2005-08-23,22.24518585205078
2005-08-24,22.50895881652832
2005-08-25,22.623260498046875
2005-08-26,22.377065658569336
2005-08-29,22.26717185974121
2005-08-30,22.280366897583008
2005-08-31,22.9925479888916
2005-09-01,23.520112991333008
2005-09-02,23.621227264404297
2005-09-06,24.37738800048828
2005-09-07,24.381778717041016
2005-09-08,24.465312957763672
2005-09-09,24.54883575439453
2005-09-12,24.597198486328125
2005-09-13,24.5576229095459
2005-09-14,24.614778518676758
2005-09-15,24.724687576293945
2005-09-16,24.66314125061035
2005-09-19,24.729074478149414
2005-09-20,24.66314125061035
2005-09-21,24.456512451171875
2005-09-22,24.36857032775879
2005-09-23,24.289461135864258
2005-09-26,24.399372100830078
2005-09-27,24.37738800048828
2005-09-28,24.206161499023438
2005-09-29,24.51302719116211
2005-09-30,24.79319953918457
2005-10-03,24.953306198120117
2005-10-04,24.38849449157715
2005-10-05,24.023820877075195
2005-10-06,23.87706184387207
2005-10-07,24.206161499023438
2005-10-10,23.614681243896484
2005-10-11,24.077190399169922
2005-10-12,23.636919021606445
2005-10-13,23.436786651611328
2005-10-14,24.17059326171875
2005-10-17,24.2283935546875
2005-10-18,23.96156883239746
2005-10-19,24.215057373046875
2005-10-20,23.89486312866211
2005-10-21,24.28177261352539
2005-10-24,24.97553825378418
2005-10-25,24.802087783813477
2005-10-26,24.637540817260742
2005-10-27,24.450756072998047
2005-10-28,24.904373168945312
2005-10-31,25.060026168823242
2005-11-01,24.757610321044922
2005-11-02,25.126737594604492
2005-11-03,25.10004997253418
2005-11-04,24.984426498413086
2005-11-07,25.108951568603516
2005-11-08,25.126737594604492
2005-11-09,25.429149627685547
2005-11-10,26.105127334594727
2005-11-11,26.1762752532959
2005-11-14,26.09622573852539
2005-11-15,26.047306060791016
2005-11-16,25.93613052368164
2005-11-17,26.345279693603516
2005-11-18,26.763307571411133
2005-11-21,26.683250427246094
2005-11-22,26.7010498046875
2005-11-23,26.661022186279297
2005-11-25,26.6076602935791
2005-11-28,26.27411460876465
2005-11-29,26.211862564086914
2005-11-30,26.238540649414062
2005-12-01,26.43866729736328
2005-12-02,26.27411460876465
2005-12-05,26.171823501586914
2005-12-06,26.051761627197266
2005-12-07,25.807161331176758
2005-12-08,26.105127334594727
2005-12-09,26.03841781616211
2005-12-12,26.065099716186523
2005-12-13,26.171823501586914
2005-12-14,26.260780334472656
2005-12-15,26.087696075439453
2005-12-16,26.038246154785156
2005-12-19,25.97531509399414
2005-12-20,25.95732879638672
2005-12-21,26.15064239501953
2005-12-22,26.096683502197266
2005-12-23,26.155126571655273
2005-12-27,26.186603546142578
2005-12-28,26.16411781311035
2005-12-29,26.002277374267578
2005-12-30,26.038246154785156
2006-01-03,26.254039764404297
2006-01-04,26.501291275024414
2006-01-05,26.81597328186035
2006-01-06,27.400394439697266
2006-01-09,28.016286849975586
2006-01-10,28.178119659423828
2006-01-11,28.08820343017578
2006-01-12,28.17363739013672
2006-01-13,27.849964141845703
2006-01-17,28.142168045043945
2006-01-18,27.872426986694336
2006-01-19,28.497323989868164
2006-01-20,28.41189193725586
2006-01-23,28.389421463012695
2006-01-24,28.59170150756836
2006-01-25,28.63667106628418
2006-01-26,28.99631118774414
2006-01-27,29.297523498535156
2006-01-30,29.10870933532715
2006-01-31,29.266048431396484
2006-02-01,29.850479125976562
2006-02-02,29.580739974975586
2006-02-03,29.423404693603516
2006-02-06,29.445873260498047
2006-02-07,29.22108268737793
2006-02-08,28.888429641723633
2006-02-09,28.901905059814453
2006-02-10,28.99631118774414
2006-02-13,29.01879119873047
2006-02-14,29.117691040039062
2006-02-15,29.31101417541504
2006-02-16,29.625690460205078
2006-02-17,29.724599838256836
2006-02-21,29.693138122558594
2006-02-22,30.21012306213379
2006-02-23,29.94038200378418
2006-02-24,29.895423889160156
2006-02-27,29.87295150756836
2006-02-28,29.603227615356445
2006-03-01,29.28403091430664
2006-03-02,29.17164421081543
2006-03-03,29.02329444885254
2006-03-06,29.513294219970703
2006-03-07,29.22108268737793
2006-03-08,29.131193161010742
2006-03-09,29.31101417541504
2006-03-10,29.61669921875
2006-03-13,29.468353271484375
2006-03-14,29.74258041381836
2006-03-15,30.12020492553711
2006-03-16,30.412416458129883
2006-03-17,30.861974716186523
2006-03-20,30.902433395385742
2006-03-21,30.839496612548828
2006-03-22,31.13170051574707
2006-03-23,31.43740463256836
2006-03-24,31.536298751831055
2006-03-27,31.693635940551758
2006-03-28,32.68267822265625
2006-03-29,32.98207473754883
2006-03-30,32.47850799560547
2006-03-31,32.68720245361328
2006-04-03,31.802547454833984
2006-04-04,31.779870986938477
2006-04-05,31.525808334350586
2006-04-06,31.262680053710938
2006-04-07,31.01768684387207
2006-04-10,30.57762336730957
2006-04-11,30.48688507080078
2006-04-12,30.514108657836914
2006-04-13,29.901639938354492
2006-04-17,29.71563720703125
2006-04-18,30.24645233154297
2006-04-19,30.940563201904297
2006-04-20,31.004074096679688
2006-04-21,31.30350112915039
2006-04-24,31.122039794921875
2006-04-25,31.2127628326416
2006-04-26,31.10387420654297
2006-04-27,31.2127628326416
2006-04-28,31.18101692199707
2006-05-01,31.081205368041992
2006-05-02,30.804471969604492
2006-05-03,30.364398956298828
2006-05-04,30.808998107910156
2006-05-05,31.956789016723633
2006-05-08,32.26528549194336
2006-05-09,32.346954345703125
2006-05-10,32.551109313964844
2006-05-11,32.07927703857422
2006-05-12,31.61199188232422
2006-05-15,32.30612564086914
2006-05-16,32.14734649658203
2006-05-17,31.779870986938477
2006-05-18,31.779870986938477
2006-05-19,31.934114456176758
2006-05-22,31.5439395904541
2006-05-23,31.621076583862305
2006-05-24,31.725439071655273
2006-05-25,32.3651123046875
2006-05-26,32.319725036621094
2006-05-30,32.26982498168945
2006-05-31,32.39232635498047
2006-06-01,32.93673324584961
2006-06-02,32.02936935424805
2006-06-05,32.12919235229492
2006-06-06,31.984010696411133
2006-06-07,32.419551849365234
2006-06-08,32.36054611206055
2006-06-09,32.57379150390625
2006-06-12,32.142799377441406
2006-06-13,31.90235137939453
2006-06-14,31.675508499145508
2006-06-15,31.970407485961914
2006-06-16,32.25621795654297
2006-06-19,32.02936935424805
2006-06-20,32.07927703857422
2006-06-21,32.38324737548828
2006-06-22,32.25621795654297
2006-06-23,32.08381271362305
2006-06-26,32.30158233642578
2006-06-27,32.37870788574219
2006-06-28,32.44281768798828
2006-06-29,33.244144439697266
2006-06-30,33.67916488647461
2006-07-03,34.45302963256836
2006-07-05,34.48509216308594
2006-07-06,34.60871505737305
2006-07-07,34.39807891845703
2006-07-10,34.45762252807617
2006-07-11,34.837677001953125
2006-07-12,34.97505569458008
2006-07-13,34.5125732421875
2006-07-14,33.958499908447266
2006-07-17,33.36323165893555
2006-07-18,33.86231994628906
2006-07-19,34.5034065246582
2006-07-20,34.146244049072266
2006-07-21,33.335750579833984
2006-07-24,33.95388412475586
2006-07-25,34.0409049987793
2006-07-26,34.50798034667969
2006-07-27,34.448448181152344
2006-07-28,34.929256439208984
2006-07-31,35.007110595703125
2006-08-01,34.68656921386719
2006-08-02,34.55835723876953
2006-08-03,35.06205749511719
2006-08-04,35.44210433959961
2006-08-07,34.60871505737305
2006-08-08,33.87149429321289
2006-08-09,33.839447021484375
2006-08-10,33.79364776611328
2006-08-11,33.541805267333984
2006-08-14,33.775325775146484
2006-08-15,34.12792205810547
2006-08-16,34.118751525878906
2006-08-17,33.87149429321289
2006-08-18,33.95388412475586
2006-08-21,34.324825286865234
2006-08-22,34.494258880615234
2006-08-23,33.86690902709961
2006-08-24,34.178287506103516
2006-08-25,34.27902603149414
2006-08-28,34.79188919067383
2006-08-29,34.860565185546875
2006-08-30,35.10784149169922
2006-08-31,35.52911376953125
2006-09-01,35.258968353271484
2006-09-05,35.19026184082031
2006-09-06,34.9155158996582
2006-09-07,34.5308723449707
2006-09-08,34.85142517089844
2006-09-11,34.9155158996582
2006-09-12,35.410057067871094
2006-09-13,35.7122802734375
2006-09-14,35.27268981933594
2006-09-15,35.35968780517578
2006-09-18,34.892642974853516
2006-09-19,35.27726745605469
2006-09-20,34.970481872558594
2006-09-21,34.51714324951172
2006-09-22,34.84683609008789
2006-09-25,34.5034065246582
2006-09-26,34.54462432861328
2006-09-27,35.10820007324219
2006-09-28,34.88646697998047
2006-09-29,35.11280822753906
2006-10-02,35.13129425048828
2006-10-03,35.41769790649414
2006-10-04,35.67176818847656
2006-10-05,35.8195915222168
2006-10-06,35.45466613769531
2006-10-09,35.911991119384766
2006-10-10,35.91659927368164
2006-10-11,35.84730529785156
2006-10-12,36.40166091918945
2006-10-13,37.01604080200195
2006-10-16,37.297828674316406
2006-10-17,37.13615798950195
2006-10-18,37.40409851074219
2006-10-19,37.279361724853516
2006-10-20,37.002193450927734
2006-10-23,37.394840240478516
2006-10-24,37.228538513183594
2006-10-25,37.34865951538086
2006-10-26,37.21006393432617
2006-10-27,36.89132308959961
2006-10-30,37.140777587890625
2006-10-31,37.28860092163086
2006-11-01,37.17771911621094
2006-11-02,36.16143798828125
2006-11-03,35.12205505371094
2006-11-06,35.22367477416992
2006-11-07,34.877220153808594
2006-11-08,34.69243621826172
2006-11-09,34.5307502746582
2006-11-10,34.327518463134766
2006-11-13,34.0041389465332
2006-11-14,34.36445617675781
2006-11-15,34.02261734008789
2006-11-16,34.34598159790039
2006-11-17,34.23048782348633
2006-11-20,35.23291015625
2006-11-21,36.03209686279297
2006-11-22,36.036720275878906
2006-11-24,36.309261322021484
2006-11-27,35.31145477294922
2006-11-28,35.445438385009766
2006-11-29,36.29078674316406
2006-11-30,36.831268310546875
2006-12-01,36.845130920410156
2006-12-04,36.95598220825195
2006-12-05,36.57719421386719
2006-12-06,36.17529296875
2006-12-07,35.93507766723633
2006-12-08,35.898128509521484
2006-12-11,35.801124572753906
2006-12-12,35.491607666015625
2006-12-13,35.13590621948242
2006-12-14,35.03427505493164
2006-12-15,34.7016716003418
2006-12-18,34.5307502746582
2006-12-19,33.884037017822266
2006-12-20,34.18702697753906
2006-12-21,33.66960144042969
2006-12-22,33.28271484375
2006-12-26,33.71155548095703
2006-12-27,33.776817321777344
2006-12-28,33.92131042480469
2006-12-29,34.424747467041016
2007-01-03,34.17770004272461
2007-01-04,33.94929122924805
2007-01-05,33.431880950927734
2007-01-08,33.13819885253906
2007-01-09,34.43873977661133
2007-01-10,34.8815803527832
2007-01-11,35.74861526489258
2007-01-12,35.82784652709961
2007-01-16,36.06557846069336
2007-01-17,35.88845443725586
2007-01-18,35.99565887451172
2007-01-19,36.43385314941406
2007-01-22,36.06557846069336
2007-01-23,36.15414810180664
2007-01-24,36.68555450439453
2007-01-25,36.94659423828125
2007-01-26,36.7554931640625
2007-01-29,36.63426971435547
2007-01-30,36.50841522216797
2007-01-31,36.545711517333984
2007-02-01,36.33594512939453
2007-02-02,36.29399108886719
2007-02-05,36.09821701049805
2007-02-06,36.35924530029297
2007-02-07,36.69953155517578
2007-02-08,36.452476501464844
2007-02-09,35.42230224609375
2007-02-12,35.4875602722168
2007-02-13,36.00033187866211
2007-02-14,35.62740707397461
2007-02-15,35.82784652709961
2007-02-16,35.963016510009766
2007-02-20,36.14016342163086
2007-02-21,35.9117546081543
2007-02-22,35.45492935180664
2007-02-23,34.80698776245117
2007-02-26,34.727752685546875
2007-02-27,33.44584655761719
2007-02-28,33.55308151245117
2007-03-01,33.19414138793945
2007-03-02,33.00302505493164
2007-03-05,31.739765167236328
2007-03-06,32.32710266113281
2007-03-07,32.499568939208984
2007-03-08,33.11489486694336
2007-03-09,33.56704330444336
2007-03-12,34.051841735839844
2007-03-13,33.184818267822266
2007-03-14,33.27339553833008
2007-03-15,33.56239318847656
2007-03-16,33.21278381347656
2007-03-19,33.74884796142578
2007-03-20,34.16838455200195
2007-03-21,34.55527877807617
2007-03-22,34.61586380004883
2007-03-23,34.634525299072266
2007-03-26,33.67426681518555
2007-03-27,33.04496765136719
2007-03-28,32.51305389404297
2007-03-29,32.74370193481445
2007-03-30,33.09674835205078
2007-04-02,33.388587951660156
2007-04-03,33.831092834472656
2007-04-04,33.65690994262695
2007-04-05,33.84048843383789
2007-04-09,33.864044189453125
2007-04-10,33.95817565917969
2007-04-11,33.27091979980469
2007-04-12,33.32270050048828
2007-04-13,33.48744201660156
2007-04-16,33.638084411621094
2007-04-17,33.79813766479492
2007-04-18,33.57688903808594
2007-04-19,33.56276321411133
2007-04-20,33.638084411621094
2007-04-23,34.00053787231445
2007-04-24,33.64278793334961
2007-04-25,33.60513687133789
2007-04-26,33.398014068603516
2007-04-27,33.016719818115234
2007-04-30,32.786075592041016
2007-05-01,32.20235824584961
2007-05-02,32.00937271118164
2007-05-03,32.10821533203125
2007-05-04,31.999950408935547
2007-05-07,32.103519439697266
2007-05-08,32.11294174194336
2007-05-09,32.536582946777344
2007-05-10,32.61190414428711
2007-05-11,33.91581344604492
2007-05-14,33.991127014160156
2007-05-15,34.047637939453125
2007-05-16,33.412132263183594
2007-05-17,33.06850051879883
2007-05-18,32.48950958251953
2007-05-21,32.720176696777344
2007-05-22,32.950828552246094
2007-05-23,32.75782012939453
2007-05-24,32.33889389038086
2007-05-25,32.66368865966797
2007-05-29,34.50421905517578
2007-05-30,35.45509338378906
2007-05-31,35.139705657958984
2007-06-01,35.04555130004883
2007-06-04,35.21030807495117
2007-06-05,34.94669723510742
2007-06-06,35.0690803527832
2007-06-07,34.127647399902344
2007-06-08,34.3818359375
2007-06-11,33.77930450439453
2007-06-12,33.040252685546875
2007-06-13,33.82638168334961
2007-06-14,33.32741165161133
2007-06-15,33.53923797607422
2007-06-18,32.734291076660156
2007-06-19,33.13441467285156
2007-06-20,32.287105560302734
2007-06-21,32.31062698364258
2007-06-22,32.583656311035156
2007-06-25,32.12234115600586
2007-06-26,31.78812599182129
2007-06-27,32.1923828125
2007-06-28,32.220916748046875
2007-06-29,31.849956512451172
2007-07-02,32.06396484375
2007-07-03,32.3017692565918
2007-07-05,32.691749572753906
2007-07-06,32.65367889404297
2007-07-09,32.249454498291016
2007-07-10,31.50754737854004
2007-07-11,31.683504104614258
2007-07-12,32.206642150878906
2007-07-13,32.37785720825195
2007-07-16,32.24470138549805
2007-07-17,31.807151794433594
2007-07-18,31.30779266357422
2007-07-19,31.317302703857422
2007-07-20,30.523073196411133
2007-07-23,29.838232040405273
2007-07-24,28.963153839111328
2007-07-25,28.46854591369629
2007-07-26,27.37469482421875
2007-07-27,26.475845336914062
2007-07-30,26.466341018676758
2007-07-31,26.138172149658203
2007-08-01,26.63278579711914
2007-08-02,26.851547241210938
2007-08-03,26.680349349975586
2007-08-06,27.98820686340332
2007-08-07,28.492324829101562
2007-08-08,29.86200523376465
2007-08-09,29.80493927001953
2007-08-10,29.010709762573242
2007-08-13,28.92986297607422
2007-08-14,27.973939895629883
2007-08-15,28.20221519470215
2007-08-16,28.416229248046875
2007-08-17,29.500553131103516
2007-08-20,30.35186004638672
2007-08-21,30.128326416015625
2007-08-22,29.94286346435547
2007-08-23,29.95237159729004
2007-08-24,29.548120498657227
2007-08-27,29.139129638671875
2007-08-28,28.340129852294922
2007-08-29,28.991683959960938
2007-08-30,29.005949020385742
2007-08-31,29.24374008178711
2007-09-04,29.386417388916016
2007-09-05,28.558895111083984
2007-09-06,28.94888687133789
2007-09-07,28.430492401123047
2007-09-10,28.130876541137695
2007-09-11,28.51610565185547
2007-09-12,28.406719207763672
2007-09-13,29.020214080810547
2007-09-14,28.896575927734375
2007-09-17,28.853755950927734
2007-09-18,29.476781845092773
2007-09-19,30.56112289428711
2007-09-20,29.838232040405273
2007-09-21,29.62421226501465
2007-09-24,30.137847900390625
2007-09-25,30.16160774230957
2007-09-26,30.53666114807129
2007-09-27,30.868431091308594
2007-09-28,30.892471313476562
2007-10-01,30.676101684570312
2007-10-02,31.421369552612305
2007-10-03,31.079984664916992
2007-10-04,31.450220108032227
2007-10-05,32.12816619873047
2007-10-08,31.753124237060547
2007-10-09,31.541568756103516
2007-10-10,31.546382904052734
2007-10-11,31.714664459228516
2007-10-12,30.829971313476562
2007-10-15,30.1856689453125
2007-10-16,29.781789779663086
2007-10-17,29.171152114868164
2007-10-18,28.983627319335938
2007-10-19,27.834468841552734
2007-10-22,28.15662956237793
2007-10-23,28.911510467529297
2007-10-24,28.800914764404297
2007-10-25,28.598968505859375
2007-10-26,28.512426376342773
2007-10-29,28.3537540435791
2007-10-30,28.445106506347656
2007-10-31,29.97892189025879
2007-11-01,28.849002838134766
2007-11-02,27.084392547607422
2007-11-05,26.16122817993164
2007-11-06,25.56021499633789
2007-11-07,25.36307716369629
2007-11-08,24.90630531311035
2007-11-09,25.646759033203125
2007-11-12,25.47366714477539
2007-11-13,26.43048858642578
2007-11-14,25.882352828979492
2007-11-15,25.867938995361328
2007-11-16,25.444828033447266
2007-11-19,24.507219314575195
2007-11-20,23.82927131652832
2007-11-21,23.52155113220215
2007-11-23,23.939863204956055
2007-11-26,22.511831283569336
2007-11-27,23.492691040039062
2007-11-28,24.51203155517578
2007-11-29,25.02651023864746
2007-11-30,25.295766830444336
2007-12-03,24.824546813964844
2007-12-04,24.06007194519043
2007-12-05,24.617816925048828
2007-12-06,25.26691246032715
2007-12-07,24.77648162841797
2007-12-10,25.353464126586914
2007-12-11,24.13219451904297
2007-12-12,23.689836502075195
2007-12-13,23.45423126220703
2007-12-14,22.87726593017578
2007-12-17,22.01178741455078
2007-12-18,22.16564178466797
2007-12-19,22.76603889465332
2007-12-20,22.448760986328125
2007-12-21,23.083324432373047
2007-12-24,24.181589126586914
2007-12-26,23.805736541748047
2007-12-27,23.429885864257812
2007-12-28,23.137014389038086
2007-12-31,23.50309944152832
2008-01-02,22.673295974731445
2008-01-03,21.360240936279297
2008-01-04,20.76473617553711
2008-01-07,21.27727508544922
2008-01-08,20.589017868041992
2008-01-09,21.218679428100586
2008-01-10,21.511564254760742
2008-01-11,21.765384674072266
2008-01-14,21.721460342407227
2008-01-15,20.852598190307617
2008-01-16,21.208927154541016
2008-01-17,21.23333740234375
2008-01-18,21.135700225830078
2008-01-22,22.282800674438477
2008-01-23,24.63554573059082
2008-01-24,23.30784797668457
2008-01-25,23.390840530395508
2008-01-28,24.445186614990234
2008-01-29,24.171825408935547
2008-01-30,23.439640045166016
2008-01-31,24.04490852355957
2008-02-01,24.518402099609375
2008-02-04,23.913124084472656
2008-02-05,23.239513397216797
2008-02-06,23.137014389038086
2008-02-07,23.678829193115234
2008-02-08,22.853900909423828
2008-02-11,22.448760986328125
2008-02-12,23.30784797668457
2008-02-13,23.293210983276367
2008-02-14,22.96128273010254
2008-02-15,22.844133377075195
2008-02-19,22.604963302612305
2008-02-20,23.04914093017578
2008-02-21,23.05891227722168
2008-02-22,23.781335830688477
2008-02-25,24.4354190826416
2008-02-26,24.29874038696289
2008-02-27,24.293869018554688
2008-02-28,23.89360237121582
2008-02-29,23.180946350097656
2008-03-03,23.54703140258789
2008-03-04,23.590972900390625
2008-03-05,24.069318771362305
2008-03-06,23.332260131835938
2008-03-07,23.913124084472656
2008-03-10,23.639780044555664
2008-03-11,25.148080825805664
2008-03-12,24.47934913635254
2008-03-13,25.00164031982422
2008-03-14,24.952835083007812
2008-03-17,24.913772583007812
2008-03-18,25.76311683654785
2008-03-19,25.880264282226562
2008-03-20,26.309803009033203
2008-03-24,26.631967544555664
2008-03-25,26.67589569091797
2008-03-26,25.85586166381836
2008-03-27,25.44529151916504
2008-03-28,24.69340705871582
2008-03-31,24.831905364990234
2008-04-01,25.979520797729492
2008-04-02,26.286205291748047
2008-04-03,27.354663848876953
2008-04-04,26.884754180908203
2008-04-07,27.37940788269043
2008-04-08,26.568164825439453
2008-04-09,25.66293716430664
2008-04-10,26.063608169555664
2008-04-11,25.63819694519043
2008-04-14,25.202903747558594
2008-04-15,25.28205108642578
2008-04-16,26.221887588500977
2008-04-17,26.41482925415039
2008-04-18,26.3653507232666
2008-04-21,25.870689392089844
2008-04-22,25.51453971862793
2008-04-23,25.672828674316406
2008-04-24,26.59784507751465
2008-04-25,26.54837417602539
2008-04-28,26.43459701538086
2008-04-29,26.301036834716797
2008-04-30,26.172435760498047
2008-05-01,26.21695899963379
2008-05-02,25.989408493041992
2008-05-05,25.33646583557129
2008-05-06,25.173221588134766
2008-05-07,24.451025009155273
2008-05-08,24.312522888183594
2008-05-09,24.366918563842773
2008-05-12,25.13365936279297
2008-05-13,25.35624122619629
2008-05-14,25.53925323486328
2008-05-15,26.03887939453125
2008-05-16,25.97457504272461
2008-05-19,25.88058853149414
2008-05-20,25.400766372680664
2008-05-21,24.38176727294922
2008-05-22,24.5944766998291
2008-05-23,24.337251663208008
2008-05-27,24.62909507751465
2008-05-28,24.559844970703125
2008-05-29,24.663738250732422
2008-05-30,24.366918563842773
2008-06-02,24.144329071044922
2008-06-03,24.366918563842773
2008-06-04,24.668670654296875
2008-06-05,25.099023818969727
2008-06-06,24.09981918334961
2008-06-09,23.239110946655273
2008-06-10,23.357818603515625
2008-06-11,22.927474975585938
2008-06-12,23.367713928222656
2008-06-13,23.911842346191406
2008-06-16,24.441129684448242
2008-06-17,23.783239364624023
2008-06-18,23.526002883911133
2008-06-19,24.129487991333008
2008-06-20,23.481481552124023
2008-06-23,22.813695907592773
2008-06-24,23.258888244628906
2008-06-25,23.466650009155273
2008-06-26,22.437410354614258
2008-06-27,22.131147384643555
2008-06-30,22.221513748168945
2008-07-01,22.26168441772461
2008-07-02,21.64414405822754
2008-07-03,21.25252914428711
2008-07-07,20.981409072875977
2008-07-08,22.648279190063477
2008-07-09,21.121992111206055
2008-07-10,21.67928695678711
2008-07-11,21.75459861755371
2008-07-14,21.413190841674805
2008-07-15,21.011537551879883
2008-07-16,22.236583709716797
2008-07-17,22.593048095703125
2008-07-18,22.56795310974121
2008-07-21,22.95956039428711
2008-07-22,24.355310440063477
2008-07-23,25.756071090698242
2008-07-24,23.843189239501953
2008-07-25,24.325191497802734
2008-07-28,23.61225128173828
2008-07-29,24.87745475769043
2008-07-30,24.62140655517578
2008-07-31,24.691686630249023
2008-08-01,24.27497673034668
2008-08-04,23.903444290161133
2008-08-05,25.0632266998291
2008-08-06,25.37952995300293
2008-08-07,24.22978973388672
2008-08-08,25.033098220825195
2008-08-11,26.26316261291504
2008-08-12,26.117570877075195
2008-08-13,25.605453491210938
2008-08-14,25.635583877563477
2008-08-15,25.26404571533203
2008-08-18,24.797138214111328
2008-08-19,24.179582595825195
2008-08-20,24.22978973388672
2008-08-21,23.92353057861328
2008-08-22,24.726835250854492
2008-08-25,23.76287078857422
2008-08-26,23.80303382873535
2008-08-27,24.039005279541016
2008-08-28,25.018035888671875
2008-08-29,24.505929946899414
2008-09-02,24.536046981811523
2008-09-03,25.04816436767578
2008-09-04,24.23983383178711
2008-09-05,23.903444290161133
2008-09-08,25.09836196899414
2008-09-09,24.290042877197266
2008-09-10,24.490867614746094
2008-09-11,24.4858455657959
2008-09-12,24.952760696411133
2008-09-15,23.009767532348633
2008-09-16,23.893402099609375
2008-09-17,22.989683151245117
2008-09-18,25.52512550354004
2008-09-19,27.548463821411133
2008-09-22,24.556123733520508
2008-09-23,24.656543731689453
2008-09-24,23.96871566772461
2008-09-25,23.973739624023438
2008-09-26,24.20302391052246
2008-09-29,22.587797164916992
2008-09-30,23.367382049560547
2008-10-01,22.90370750427246
2008-10-02,22.531749725341797
2008-10-03,21.75724983215332
2008-10-06,21.6451473236084
2008-10-07,20.891033172607422
2008-10-08,20.54964828491211
2008-10-09,18.10896110534668
2008-10-10,22.164878845214844
2008-10-13,20.977651596069336
2008-10-14,19.13821792602539
2008-10-15,16.559961318969727
2008-10-16,17.38032341003418
2008-10-17,17.23764991760254
2008-10-20,17.482229232788086
2008-10-21,16.860591888427734
2008-10-22,15.678459167480469
2008-10-23,15.642799377441406
2008-10-24,14.725632667541504
2008-10-27,13.53331184387207
2008-10-28,15.841520309448242
2008-10-29,15.790562629699707
2008-10-30,15.968904495239258
2008-10-31,17.176513671875
2008-11-03,17.028745651245117
2008-11-04,17.93062400817871
2008-11-05,16.121768951416016
2008-11-06,15.596940994262695
2008-11-07,16.962501525878906
2008-11-10,15.500129699707031
2008-11-11,14.842826843261719
2008-11-12,13.986809730529785
2008-11-13,15.428793907165527
2008-11-14,13.579171180725098
2008-11-17,13.054346084594727
2008-11-18,12.570287704467773
2008-11-19,11.041677474975586
2008-11-20,9.660828590393066
2008-11-21,9.762740135192871
2008-11-24,11.490063667297363
2008-11-25,12.64671516418457
2008-11-26,13.650506973266602
2008-11-28,13.487455368041992
2008-12-01,11.428925514221191
2008-12-02,13.085675239562988
2008-12-03,13.879858016967773
2008-12-04,13.343389511108398
2008-12-05,15.278889656066895
2008-12-08,16.814668655395508
2008-12-09,15.357783317565918
2008-12-10,16.062559127807617
2008-12-11,13.353906631469727
2008-12-12,15.031694412231445
2008-12-15,14.190167427062988
2008-12-16,15.652314186096191
2008-12-17,16.78310775756836
2008-12-18,16.036256790161133
2008-12-19,16.877782821655273
2008-12-22,16.393911361694336
2008-12-23,15.84691333770752
2008-12-24,16.04677963256836
2008-12-26,16.204566955566406
2008-12-29,14.97909927368164
2008-12-30,15.852178573608398
2008-12-31,16.483318328857422
2009-01-02,15.67861557006836
2009-01-05,15.473493576049805
2009-01-06,16.10988998413086
2009-01-07,16.067819595336914
2009-01-08,15.994182586669922
2009-01-09,15.24733829498291
2009-01-12,14.426851272583008
2009-01-13,14.642492294311523
2009-01-14,13.853560447692871
2009-01-15,14.258539199829102
2009-01-16,14.889690399169922
2009-01-20,13.106706619262695
2009-01-21,14.637227058410645
2009-01-22,13.843036651611328
2009-01-23,14.453146934509277
2009-01-26,14.253288269042969
2009-01-27,14.416333198547363
2009-01-28,15.810099601745605
2009-01-29,14.32165813446045
2009-01-30,13.864080429077148
2009-02-02,14.121795654296875
2009-02-03,13.643182754516602
2009-02-04,13.206642150878906
2009-02-05,12.359856605529785
2009-02-06,12.927889823913574
2009-02-09,12.985742568969727
2009-02-10,12.375640869140625
2009-02-11,12.754318237304688
2009-02-12,12.401938438415527
2009-02-13,11.686641693115234
2009-02-17,11.050241470336914
2009-02-18,11.144913673400879
2009-02-19,10.355982780456543
2009-02-20,11.008161544799805
2009-02-23,10.171900749206543
2009-02-24,11.113354682922363
2009-02-25,10.855635643005371
2009-02-26,9.982562065124512
2009-02-27,9.882628440856934
2009-03-02,9.23570728302002
2009-03-03,9.356678009033203
2009-03-04,9.745880126953125
2009-03-05,9.293558120727539
2009-03-06,9.277785301208496
2009-03-09,9.598614692687988
2009-03-10,11.008161544799805
2009-03-11,11.271141052246094
2009-03-12,12.522902488708496
2009-03-13,12.254671096801758
2009-03-16,11.186988830566406
2009-03-17,12.107403755187988
2009-03-18,12.412455558776855
2009-03-19,11.891764640808105
2009-03-20,10.908232688903809
2009-03-23,12.980484008789062
2009-03-24,11.51307487487793
2009-03-25,11.844427108764648
2009-03-26,12.659651756286621
2009-03-27,11.901264190673828
2009-03-30,10.904524803161621
2009-03-31,11.689995765686035
2009-04-01,11.760416984558105
2009-04-02,12.83299732208252
2009-04-03,13.916398048400879
2009-04-06,13.380118370056152
2009-04-07,12.204619407653809
2009-04-08,12.594650268554688
2009-04-09,14.685626029968262
2009-04-13,14.70187759399414
2009-04-14,12.963008880615234
2009-04-15,14.171006202697754
2009-04-16,14.680215835571289
2009-04-17,14.441863059997559
2009-04-20,12.784244537353516
2009-04-21,14.176424980163574
2009-04-22,14.01391315460205
2009-04-23,14.311848640441895
2009-04-24,15.433184623718262
2009-04-27,13.829734802246094
2009-04-28,14.116841316223145
2009-04-29,14.869805335998535
2009-04-30,14.696463584899902
2009-05-01,14.626041412353516
2009-05-04,16.2728271484375
2009-05-05,16.0290584564209
2009-05-06,16.50575828552246
2009-05-07,15.693196296691895
2009-05-08,16.787443161010742
2009-05-11,16.760360717773438
2009-05-12,15.828625679016113
2009-05-13,14.398527145385742
2009-05-14,15.016070365905762
2009-05-15,14.60437297821045
2009-05-18,15.633614540100098
2009-05-19,15.492772102355957
2009-05-20,15.238165855407715
2009-05-21,15.400683403015137
2009-05-22,15.162328720092773
2009-05-26,16.224071502685547
2009-05-27,15.465681076049805
2009-05-28,15.882797241210938
2009-05-29,16.261991500854492
2009-06-01,16.66284942626953
2009-06-02,16.14281463623047
2009-06-03,15.980300903320312
2009-06-04,16.240324020385742
2009-06-05,16.207822799682617
2009-06-08,16.018218994140625
2009-06-09,16.175317764282227
2009-06-10,15.882797241210938
2009-06-11,15.60111141204834
2009-06-12,16.332416534423828
2009-06-15,15.411513328552246
2009-06-16,15.200248718261719
2009-06-17,14.913142204284668
2009-06-18,15.254417419433594
2009-06-19,15.379006385803223
2009-06-22,14.772303581237793
2009-06-23,14.739800453186035
2009-06-24,14.961893081665039
2009-06-25,15.070244789123535
2009-06-26,15.262953758239746
2009-06-29,15.251937866210938
2009-06-30,15.196882247924805
2009-07-01,15.34003734588623
2009-07-02,14.756394386291504
2009-07-06,15.362062454223633
2009-07-07,14.481085777282715
2009-07-08,14.36545467376709
2009-07-09,13.930473327636719
2009-07-10,13.82034969329834
2009-07-13,14.541657447814941
2009-07-14,14.69032096862793
2009-07-15,15.114285469055176
2009-07-16,15.373071670532227
2009-07-17,14.866512298583984
2009-07-20,15.505220413208008
2009-07-21,15.207886695861816
2009-07-22,15.273969650268555
2009-07-23,15.764010429382324
2009-07-24,15.664898872375488
2009-07-27,15.780532836914062
2009-07-28,16.072355270385742
2009-07-29,15.697940826416016
2009-07-30,16.0833683013916
2009-07-31,16.248546600341797
2009-08-03,16.485315322875977
2009-08-04,17.84532356262207
2009-08-05,19.166790008544922
2009-08-06,18.941036224365234
2009-08-07,20.146881103515625
2009-08-10,19.51918601989746
2009-08-11,19.06768035888672
2009-08-12,19.271404266357422
2009-08-13,19.227359771728516
2009-08-14,19.155776977539062
2009-08-17,18.071073532104492
2009-08-18,18.362890243530273
2009-08-19,18.225242614746094
2009-08-20,18.81990623474121
2009-08-21,19.491657257080078
2009-08-24,19.34298324584961
2009-08-25,19.282419204711914
2009-08-26,19.52469253540039
2009-08-27,19.91562271118164
2009-08-28,20.33958625793457
2009-08-31,20.207447052001953
2009-09-01,19.084197998046875
2009-09-02,18.676746368408203
2009-09-03,19.216341018676758
2009-09-04,19.26039695739746
2009-09-08,20.058786392211914
2009-09-09,20.33408546447754
2009-09-10,20.664453506469727
2009-09-11,20.669958114624023
2009-09-14,21.46284294128418
2009-09-15,21.826242446899414
2009-09-16,22.729244232177734
2009-09-17,22.652158737182617
2009-09-18,22.729244232177734
2009-09-21,22.575077056884766
2009-09-22,23.527629852294922
2009-09-23,23.05410385131836
2009-09-24,22.520021438598633
2009-09-25,22.492483139038086
2009-09-28,22.715179443359375
2009-09-29,22.269786834716797
2009-09-30,22.436803817749023
2009-10-01,21.250944137573242
2009-10-02,21.12288475036621
2009-10-05,21.540447235107422
2009-10-06,21.802120208740234
2009-10-07,21.69634246826172
2009-10-08,22.11389923095703
2009-10-09,21.757585525512695
2009-10-12,21.57942771911621
2009-10-13,21.317750930786133
2009-10-14,21.996976852416992
2009-10-15,21.790985107421875
2009-10-16,21.317750930786133
2009-10-19,21.919036865234375
2009-10-20,21.13402557373047
2009-10-21,20.605117797851562
2009-10-22,21.04494857788086
2009-10-23,20.89462661743164
2009-10-26,20.438091278076172
2009-10-27,20.08734703063965
2009-10-28,19.619678497314453
2009-10-29,20.237661361694336
2009-10-30,20.181991577148438
2009-11-02,20.404695510864258
2009-11-03,20.883485794067383
2009-11-04,20.271068572998047
2009-11-05,20.683067321777344
2009-11-06,20.24323844909668
2009-11-09,21.295473098754883
2009-11-10,21.340015411376953
2009-11-11,21.813257217407227
2009-11-12,21.456947326660156
2009-11-13,21.891197204589844
2009-11-16,22.325456619262695
2009-11-17,21.907896041870117
2009-11-18,22.13616371154785
2009-11-19,21.262075424194336
2009-11-20,21.373424530029297
2009-11-23,21.612831115722656
2009-11-24,21.284347534179688
2009-11-25,21.45136833190918
2009-11-27,20.76657485961914
2009-11-30,21.5738525390625
2009-12-01,21.807693481445312
2009-12-02,22.241947174072266
2009-12-03,22.141733169555664
2009-12-04,22.949016571044922
2009-12-07,22.353294372558594
2009-12-08,21.852222442626953
2009-12-09,21.284347534179688
2009-12-10,20.838943481445312
2009-12-11,21.050519943237305
2009-12-14,21.980276107788086
2009-12-15,21.919036865234375
2009-12-16,22.141733169555664
2009-12-17,22.2262020111084
2009-12-18,22.434555053710938
2009-12-21,22.946990966796875
2009-12-22,23.267967224121094
2009-12-23,23.757875442504883
2009-12-24,24.20273780822754
2009-12-28,24.78275489807129
2009-12-29,24.422344207763672
2009-12-30,24.382930755615234
2009-12-31,23.859233856201172
2010-01-04,23.363691329956055
2010-01-05,23.313013076782227
2010-01-06,23.031465530395508
2010-01-07,22.986412048339844
2010-01-08,22.637285232543945
2010-01-11,22.704849243164062
2010-01-12,22.3951358795166
2010-01-13,23.03708839416504
2010-01-14,22.946990966796875
2010-01-15,22.761165618896484
2010-01-19,23.301761627197266
2010-01-20,23.290485382080078
2010-01-21,22.665420532226562
2010-01-22,21.989688873291016
2010-01-25,22.147367477416992
2010-01-26,21.91648292541504
2010-01-27,22.079790115356445
2010-01-28,22.006589889526367
2010-01-29,21.832019805908203
2010-02-01,22.057268142700195
2010-02-02,22.513391494750977
2010-02-03,21.736289978027344
2010-02-04,21.17316436767578
2010-02-05,21.56171989440918
2010-02-08,21.297061920166016
2010-02-09,20.70578956604004
2010-02-10,20.74520492553711
2010-02-11,20.8015079498291
2010-02-12,21.071815490722656
2010-02-16,21.73065948486328
2010-02-17,21.70813751220703
2010-02-18,22.091060638427734
2010-02-19,22.130468368530273
2010-02-22,22.231828689575195
2010-02-23,22.254356384277344
2010-02-24,22.496496200561523
2010-02-25,22.496496200561523
2010-02-26,22.552804946899414
2010-03-01,22.806211471557617
2010-03-02,22.73863983154297
2010-03-03,22.350082397460938
2010-03-04,22.496496200561523
2010-03-05,23.042728424072266
2010-03-08,23.284862518310547
2010-03-09,23.2623348236084
2010-03-10,23.1778621673584
2010-03-11,23.16659927368164
2010-03-12,23.18912696838379
2010-03-15,22.901935577392578
2010-03-16,23.577686309814453
2010-03-17,23.79729461669922
2010-03-18,23.960601806640625
2010-03-19,24.70391273498535
2010-03-22,24.743328094482422
2010-03-23,24.27031135559082
2010-03-24,24.056325912475586
2010-03-25,24.25904655456543
2010-03-26,24.011274337768555
2010-03-29,24.073877334594727
2010-03-30,24.102340698242188
2010-03-31,23.692569732666016
2010-04-01,23.846233367919922
2010-04-05,24.67715072631836
2010-04-06,25.5706787109375
2010-04-07,25.007247924804688
2010-04-08,25.030019760131836
2010-04-09,25.63897132873535
2010-04-12,25.718637466430664
2010-04-13,26.40728759765625
2010-04-14,25.9918212890625
2010-04-15,25.24057960510254
2010-04-16,24.88203239440918
2010-04-19,24.995859146118164
2010-04-20,25.121068954467773
2010-04-21,25.87799644470215
2010-04-22,26.3389892578125
2010-04-23,26.970722198486328
2010-04-26,27.369098663330078
2010-04-27,26.395902633666992
2010-04-28,26.58371925354004
2010-04-29,28.456138610839844
2010-04-30,27.56261444091797
2010-05-03,29.025253295898438
2010-05-04,28.120346069335938
2010-05-05,27.699190139770508
2010-05-06,26.418655395507812
2010-05-07,26.088590621948242
2010-05-10,28.30246925354004
2010-05-11,28.609798431396484
2010-05-12,29.30980110168457
2010-05-13,28.905733108520508
2010-05-14,27.841474533081055
2010-05-17,27.386165618896484
2010-05-18,26.634939193725586
2010-05-19,26.259315490722656
2010-05-20,24.785295486450195
2010-05-21,25.46822738647461
2010-05-24,25.018625259399414
2010-05-25,25.399934768676758
2010-05-26,25.115373611450195
2010-05-27,26.094268798828125
2010-05-28,25.974746704101562
2010-06-01,25.59345245361328
2010-06-02,26.043046951293945
2010-06-03,25.980445861816406
2010-06-04,24.33568000793457
2010-06-07,24.5007381439209
2010-06-08,25.12675666809082
2010-06-09,25.31456756591797
2010-06-10,26.731689453125
2010-06-11,27.050397872924805
2010-06-14,27.334941864013672
2010-06-15,27.596750259399414
2010-06-16,27.226825714111328
2010-06-17,27.078845977783203
2010-06-18,26.794292449951172
2010-06-21,26.32192611694336
2010-06-22,25.06984519958496
2010-06-23,25.08122444152832
2010-06-24,24.540559768676758
2010-06-25,25.075546264648438
2010-06-28,24.88579559326172
2010-06-29,23.7530460357666
2010-06-30,23.488544464111328
2010-07-01,23.48280906677246
2010-07-02,23.057310104370117
2010-07-06,22.511062622070312
2010-07-07,23.615049362182617
2010-07-08,24.264802932739258
2010-07-09,24.949033737182617
2010-07-12,24.753557205200195
2010-07-13,25.52978515625
2010-07-14,25.437789916992188
2010-07-15,25.460784912109375
2010-07-16,24.46030044555664
2010-07-19,24.857032775878906
2010-07-20,25.42628288269043
2010-07-21,24.793790817260742
2010-07-22,26.058788299560547
2010-07-23,26.24277687072754
2010-07-26,26.679780960083008
2010-07-27,26.616527557373047
2010-07-28,26.679780960083008
2010-07-29,26.11627769470215
2010-07-30,26.173784255981445
2010-08-02,27.26626205444336
2010-08-03,27.260513305664062
2010-08-04,27.059276580810547
2010-08-05,26.846532821655273
2010-08-06,26.628032684326172
2010-08-09,27.11677360534668
2010-08-10,26.852279663085938
2010-08-11,26.34627914428711
2010-08-12,25.909278869628906
2010-08-13,25.978273391723633
2010-08-16,25.759784698486328
2010-08-17,26.13353157043457
2010-08-18,26.127784729003906
2010-08-19,25.345787048339844
2010-08-20,25.3572998046875
2010-08-23,25.167537689208984
2010-08-24,25.230802536010742
2010-08-25,25.690780639648438
2010-08-26,25.67929458618164
2010-08-27,26.231277465820312
2010-08-30,25.805782318115234
2010-08-31,26.3117733001709
2010-09-01,27.28927230834961
2010-09-02,27.208770751953125
2010-09-03,27.617008209228516
2010-09-07,27.162778854370117
2010-09-08,26.938526153564453
2010-09-09,26.766033172607422
2010-09-10,26.78902816772461
2010-09-13,27.06502342224121
2010-09-14,27.185768127441406
2010-09-15,27.197282791137695
2010-09-16,27.237516403198242
2010-09-17,27.732019424438477
2010-09-20,28.6922607421875
2010-09-21,28.32427406311035
2010-09-22,27.939006805419922
2010-09-23,27.18002700805664
2010-09-24,28.05976676940918
2010-09-27,27.53652572631836
2010-09-28,27.716455459594727
2010-09-29,27.47847557067871
2010-09-30,27.84416389465332
2010-10-01,27.96605682373047
2010-10-04,28.105365753173828
2010-10-05,28.116962432861328
2010-10-06,28.076332092285156
2010-10-07,28.36656379699707
2010-10-08,28.27368927001953
2010-10-11,28.302719116210938
2010-10-12,28.36656379699707
2010-10-13,28.76127052307129
2010-10-14,28.70322036743164
2010-10-15,28.784486770629883
2010-10-18,29.09793472290039
2010-10-19,28.767080307006836
2010-10-20,29.457807540893555
2010-10-21,29.527463912963867
2010-10-22,29.875728607177734
2010-10-25,29.92797088623047
2010-10-26,29.49843406677246
2010-10-27,29.243038177490234
2010-10-28,28.842531204223633
2010-10-29,28.784486770629883
2010-11-01,28.970212936401367
2010-11-02,29.051488876342773
2010-11-03,29.126949310302734
2010-11-04,30.21819496154785
2010-11-05,30.572275161743164
2010-11-08,30.36911964416504
2010-11-09,29.173391342163086
2010-11-10,30.078889846801758
2010-11-11,29.846717834472656
2010-11-12,29.748023986816406
2010-11-15,29.452007293701172
2010-11-16,28.430400848388672
2010-11-17,28.801902770996094
2010-11-18,29.150177001953125
2010-11-19,29.597124099731445
2010-11-22,29.614526748657227
2010-11-23,29.388158798217773
2010-11-24,30.322675704956055
2010-11-26,30.067277908325195
2010-11-29,30.009235382080078
2010-11-30,29.6435546875
2010-12-01,29.6435546875
2010-12-02,30.42715835571289
2010-12-03,30.334285736083984
2010-12-06,30.357519149780273
2010-12-07,30.752216339111328
2010-12-08,30.328479766845703
2010-12-09,29.817684173583984
2010-12-10,30.386531829833984
2010-12-13,30.601303100585938
2010-12-14,30.09629249572754
2010-12-15,29.719009399414062
2010-12-16,29.830270767211914
2010-12-17,29.888822555541992
2010-12-20,30.28118324279785
2010-12-21,30.45686149597168
2010-12-22,30.878490447998047
2010-12-23,31.054162979125977
2010-12-27,31.50506591796875
2010-12-28,31.534358978271484
2010-12-29,31.698333740234375
2010-12-30,31.680755615234375
2010-12-31,31.610488891601562
2011-01-03,31.985280990600586
2011-01-04,31.446517944335938
2011-01-05,31.628055572509766
2011-01-06,31.569496154785156
2011-01-07,31.575340270996094
2011-01-10,31.592914581298828
2011-01-11,31.36453628540039
2011-01-12,31.32354164123535
2011-01-13,31.387962341308594
2011-01-14,31.686614990234375
2011-01-18,31.768590927124023
2011-01-19,31.311832427978516
2011-01-20,31.610488891601562
2011-01-21,32.02040481567383
2011-01-24,32.14337158203125
2011-01-25,32.424468994140625
2011-01-26,32.35420227050781
2011-01-27,32.629432678222656
2011-01-28,32.002830505371094
2011-01-31,32.4595832824707
2011-02-01,32.63528823852539
2011-02-02,32.60598373413086
2011-02-03,32.863670349121094
2011-02-04,32.57086181640625
2011-02-07,32.75239562988281
2011-02-08,32.4595832824707
2011-02-09,32.40690231323242
2011-02-10,32.43031692504883
2011-02-11,32.52987289428711
2011-02-14,32.86951446533203
2011-02-15,32.64698028564453
2011-02-16,32.77582931518555
2011-02-17,32.80510330200195
2011-02-18,33.13888168334961
2011-02-22,32.95735549926758
2011-02-23,33.197452545166016
2011-02-24,33.40242004394531
2011-02-25,34.046573638916016
2011-02-28,34.64973449707031
2011-03-01,33.34384536743164
2011-03-02,32.91051483154297
2011-03-03,33.17401885986328
2011-03-04,32.80510330200195
2011-03-07,32.37761306762695
2011-03-08,32.8870849609375
2011-03-09,32.8812255859375
2011-03-10,32.50059127807617
2011-03-11,32.87537384033203
2011-03-14,32.71139907836914
2011-03-15,32.68212127685547
2011-03-16,32.33662414550781
2011-03-17,32.79924011230469
2011-03-18,32.834381103515625
2011-03-21,33.127193450927734
2011-03-22,32.47716522216797
2011-03-23,32.207786560058594
2011-03-24,32.31319808959961
2011-03-25,32.6996955871582
2011-03-28,32.50645446777344
2011-03-29,32.878658294677734
2011-03-30,33.2036018371582
2011-03-31,33.56990432739258
2011-04-01,33.71170425415039
2011-04-04,33.74714660644531
2011-04-05,33.75305938720703
2011-04-06,33.930294036865234
2011-04-07,33.39856719970703
2011-04-08,33.321773529052734
2011-04-11,33.36312484741211
2011-04-12,33.61125946044922
2011-04-13,33.764869689941406
2011-04-14,34.01300811767578
2011-04-15,34.473846435546875
2011-04-18,34.03074264526367
2011-04-19,34.52703094482422
2011-04-20,34.85786437988281
2011-04-21,35.00557327270508
2011-04-25,35.44868087768555
2011-04-26,36.06903839111328
2011-04-27,36.31127166748047
2011-04-28,36.813453674316406
2011-04-29,37.07342529296875
2011-05-02,37.16204833984375
2011-05-03,36.87844467163086
2011-05-04,37.126583099365234
2011-05-05,37.203399658203125
2011-05-06,36.41761779785156
2011-05-09,36.34672164916992
2011-05-10,36.94343948364258
2011-05-11,36.636207580566406
2011-05-12,36.55939865112305
2011-05-13,36.423526763916016
2011-05-16,36.500335693359375
2011-05-17,36.48261260986328
2011-05-18,36.80164337158203
2011-05-19,37.126583099365234
2011-05-20,36.352638244628906
2011-05-23,36.25809097290039
2011-05-24,36.58305740356445
2011-05-25,36.79573059082031
2011-05-26,37.27429962158203
2011-05-27,37.35700607299805
2011-05-31,37.977352142333984
2011-06-01,37.08524703979492
2011-06-02,37.191593170166016
2011-06-03,37.78830337524414
2011-06-06,37.68195343017578
2011-06-07,38.08370590209961
2011-06-08,38.37910842895508
2011-06-09,38.4145622253418
2011-06-10,37.445640563964844
2011-06-13,37.8651008605957
2011-06-14,38.26096725463867
2011-06-15,37.77648162841797
2011-06-16,37.599239349365234
2011-06-17,37.85920715332031
2011-06-20,38.27276611328125
2011-06-21,38.55635070800781
2011-06-22,38.042354583740234
2011-06-23,37.17385482788086
2011-06-24,37.67013931274414
2011-06-27,37.640602111816406
2011-06-28,37.64059829711914
2011-06-29,37.866844177246094
2011-06-30,37.87874984741211
2011-07-01,38.628936767578125
2011-07-05,39.254093170166016
2011-07-06,39.635162353515625
2011-07-07,40.242469787597656
2011-07-08,40.05192947387695
2011-07-11,39.420814514160156
2011-07-12,39.7721061706543
2011-07-13,39.08739471435547
2011-07-14,38.86114501953125
2011-07-15,39.84355163574219
2011-07-18,39.68278884887695
2011-07-19,40.337730407714844
2011-07-20,40.635406494140625
2011-07-21,41.099815368652344
2011-07-22,41.272483825683594
2011-07-25,41.1474609375
2011-07-26,41.06409454345703
2011-07-27,40.09956741333008
2011-07-28,40.01620101928711
2011-07-29,39.93284606933594
2011-08-01,40.03407287597656
2011-08-02,38.932594299316406
2011-08-03,38.86709213256836
2011-08-04,37.086891174316406
2011-08-05,35.83060836791992
2011-08-08,33.25257873535156
2011-08-09,36.842777252197266
2011-08-10,35.97350311279297
2011-08-11,38.408653259277344
2011-08-12,38.146690368652344
2011-08-15,39.920955657958984
2011-08-16,39.71256637573242
2011-08-17,39.62919616699219
2011-08-18,37.741825103759766
2011-08-19,36.783226013183594
2011-08-22,36.961849212646484
2011-08-23,38.24789810180664
2011-08-24,38.795658111572266
2011-08-25,37.65846252441406
2011-08-26,38.241943359375
2011-08-29,39.361289978027344
2011-08-30,39.533939361572266
2011-08-31,39.78400421142578
2011-09-01,39.31364440917969
2011-09-02,38.676578521728516
2011-09-06,38.72420120239258
2011-09-07,40.34366989135742
2011-09-08,40.141239166259766
2011-09-09,38.58131408691406
2011-09-12,39.01593780517578
2011-09-13,39.21242904663086
2011-09-14,38.742069244384766
2011-09-15,38.295528411865234
2011-09-16,37.65251159667969
2011-09-19,36.74751663208008
2011-09-20,35.82465362548828
2011-09-21,33.44904708862305
2011-09-22,33.050148010253906
2011-09-23,33.39546585083008
2011-09-26,33.63361358642578
2011-09-27,33.7526969909668
2011-09-28,33.30225372314453
2011-09-29,34.2331657409668
2011-09-30,33.18815231323242
2011-10-03,31.884899139404297
2011-10-04,33.53048324584961
2011-10-05,32.79176330566406
2011-10-06,33.83076477050781
2011-10-07,32.47945785522461
2011-10-10,34.49742126464844
2011-10-11,33.21818161010742
2011-10-12,33.45241165161133
2011-10-13,33.320274353027344
2011-10-14,34.12506103515625
2011-10-17,33.0319938659668
2011-10-18,34.00493240356445
2011-10-19,33.57251739501953
2011-10-20,34.10103225708008
2011-10-21,34.989891052246094
2011-10-24,35.87275314331055
2011-10-25,35.14002990722656
2011-10-26,35.28418731689453
2011-10-27,36.96581268310547
2011-10-28,36.34720230102539
2011-10-31,36.419281005859375
2011-11-01,34.99589538574219
2011-11-02,35.968841552734375
2011-11-03,36.04693603515625
2011-11-04,36.305179595947266
2011-11-07,36.54539108276367
2011-11-08,36.92976379394531
2011-11-09,35.32021713256836
2011-11-10,35.53641891479492
2011-11-11,36.49736022949219
2011-11-14,36.034912109375
2011-11-15,36.4853401184082
2011-11-16,35.806678771972656
2011-11-17,34.74966812133789
2011-11-18,34.84575653076172
2011-11-21,33.866798400878906
2011-11-22,33.788726806640625
2011-11-23,32.701690673828125
2011-11-25,32.857826232910156
2011-11-28,33.06802749633789
2011-11-29,33.05000686645508
2011-11-30,34.67159652709961
2011-12-01,34.25719451904297
2011-12-02,34.539466857910156
2011-12-05,34.761680603027344
2011-12-06,34.57549285888672
2011-12-07,35.0980110168457
2011-12-08,34.16109085083008
2011-12-09,34.74363708496094
2011-12-12,34.05900192260742
2011-12-13,33.854793548583984
2011-12-14,34.119041442871094
2011-12-15,35.1489143371582
2011-12-16,35.86376953125
2011-12-19,35.76078796386719
2011-12-20,36.89970397949219
2011-12-21,36.81490707397461
2011-12-22,37.44493103027344
2011-12-23,37.26925277709961
2011-12-27,37.64485549926758
2011-12-28,37.18444061279297
2011-12-29,37.77207565307617
2011-12-30,37.705421447753906
2012-01-03,37.457054138183594
2012-01-04,36.92393112182617
2012-01-05,37.51156997680664
2012-01-06,37.15414810180664
2012-01-09,36.99057388305664
2012-01-10,37.22078323364258
2012-01-11,37.07539749145508
2012-01-12,36.112152099609375
2012-01-13,36.142452239990234
2012-01-17,36.354488372802734
2012-01-18,36.869407653808594
2012-01-19,36.881526947021484
2012-01-20,37.020870208740234
2012-01-23,37.12991714477539
2012-01-24,37.6690788269043
2012-01-25,38.37180709838867
2012-01-26,38.88069152832031
2012-01-27,39.129066467285156
2012-01-30,38.638370513916016
2012-01-31,39.07455062866211
2012-02-01,39.27446746826172
2012-02-02,39.18360900878906
2012-02-03,39.4622688293457
2012-02-06,39.335060119628906
2012-02-07,38.86857986450195
2012-02-08,38.55356216430664
2012-02-09,38.41422653198242
2012-02-10,38.08103942871094
2012-02-13,38.67471694946289
2012-02-14,38.07497024536133
2012-02-15,37.8326530456543
2012-02-16,38.256710052490234
2012-02-17,38.19614028930664
2012-02-21,37.52974319458008
2012-02-22,37.22078323364258
2012-02-23,37.572147369384766
2012-02-24,38.111324310302734
2012-02-27,37.705421447753906
2012-02-28,37.31165313720703
2012-02-29,37.56003952026367
2012-03-01,37.8811149597168
2012-03-02,37.55398178100586
2012-03-05,38.47480773925781
2012-03-06,38.13555145263672
2012-03-07,37.923519134521484
2012-03-08,37.868995666503906
2012-03-09,38.402103424072266
2012-03-12,38.705013275146484
2012-03-13,39.15331268310547
2012-03-14,38.84434509277344
2012-03-15,38.51116943359375
2012-03-16,38.66260528564453
2012-03-19,38.94733428955078
2012-03-20,38.96550750732422
2012-03-21,38.450584411621094
2012-03-22,37.90534591674805
2012-03-23,38.33546829223633
2012-03-26,38.862518310546875
2012-03-27,38.94733428955078
2012-03-28,39.02678298950195
2012-03-29,39.50956726074219
2012-03-30,40.18181610107422
2012-04-02,40.242923736572266
2012-04-03,40.249046325683594
2012-04-04,39.93125534057617
2012-04-05,39.86402893066406
2012-04-09,39.466793060302734
2012-04-10,38.55621337890625
2012-04-11,38.83121871948242
2012-04-12,39.49734115600586
2012-04-13,39.6440315246582
2012-04-16,40.35292053222656
2012-04-17,40.52405548095703
2012-04-18,40.267372131347656
2012-04-19,40.21849060058594
2012-04-20,41.074058532714844
2012-04-23,40.9029426574707
2012-04-24,41.61186218261719
2012-04-25,42.021305084228516
2012-04-26,41.67299270629883
2012-04-27,41.68518829345703
2012-04-30,41.35517883300781
2012-05-01,41.59964370727539
2012-05-02,41.697418212890625
2012-05-03,41.648529052734375
2012-05-04,41.526302337646484
2012-05-07,42.0702018737793
2012-05-08,41.935768127441406
2012-05-09,41.88075637817383
2012-05-10,41.77686309814453
2012-05-11,41.89909362792969
2012-05-14,41.23907470703125
2012-05-15,41.03129577636719
2012-05-16,40.67073059082031
2012-05-17,39.42402267456055
2012-05-18,38.916778564453125
2012-05-21,39.53401565551758
2012-05-22,39.63178634643555
2012-05-23,39.99848556518555
2012-05-24,40.120704650878906
2012-05-25,39.900699615478516
2012-05-29,40.585174560546875
2012-05-30,39.607357025146484
2012-05-31,39.79069519042969
2012-06-01,39.014556884765625
2012-06-04,38.75788497924805
2012-06-05,39.662357330322266
2012-06-06,40.414058685302734
2012-06-07,40.120704650878906
2012-06-08,40.744049072265625
2012-06-11,39.74180603027344
2012-06-12,40.22459411621094
2012-06-13,39.99848556518555
2012-06-14,40.621849060058594
2012-06-15,40.95795822143555
2012-06-18,41.3001823425293
2012-06-19,41.0068359375
2012-06-20,40.994625091552734
2012-06-21,40.48737716674805
2012-06-22,40.34681701660156
2012-06-25,40.28571701049805
2012-06-26,40.469051361083984
2012-06-27,40.3519401550293
2012-06-28,40.88200378417969
2012-06-29,41.707889556884766
2012-07-02,42.19479751586914
2012-07-03,42.33656692504883
2012-07-05,42.33041000366211
2012-07-06,42.33041000366211
2012-07-09,42.46598815917969
2012-07-10,42.17631530761719
2012-07-11,42.24411392211914
2012-07-12,42.86662292480469
2012-07-13,43.507606506347656
2012-07-16,43.63704299926758
2012-07-17,44.12394332885742
2012-07-18,43.939064025878906
2012-07-19,43.809627532958984
2012-07-20,43.62471389770508
2012-07-23,43.69868087768555
2012-07-24,43.55075454711914
2012-07-25,43.66786575317383
2012-07-26,43.54459762573242
2012-07-27,43.72333908081055
2012-07-30,43.74799346923828
2012-07-31,43.951385498046875
2012-08-01,43.47678756713867
2012-08-02,43.59390640258789
2012-08-03,43.273406982421875
2012-08-06,42.959068298339844
2012-08-07,41.917449951171875
2012-08-08,41.12236785888672
2012-08-09,40.98677062988281
2012-08-10,41.25796890258789
2012-08-13,41.116207122802734
2012-08-14,41.066898345947266
2012-08-15,41.65242004394531
2012-08-16,42.102352142333984
2012-08-17,42.47831726074219
2012-08-20,42.46598815917969
2012-08-21,42.44133377075195
2012-08-22,42.52146530151367
2012-08-23,42.8358039855957
2012-08-24,43.03302764892578
2012-08-27,43.0391960144043
2012-08-28,43.12548065185547
2012-08-29,43.14397048950195
2012-08-30,42.940574645996094
2012-08-31,42.79265594482422
2012-09-04,43.01454544067383
2012-09-05,42.80498504638672
2012-09-06,42.934425354003906
2012-09-07,42.80498504638672
2012-09-10,42.22563171386719
2012-09-11,42.1578254699707
2012-09-12,41.86198043823242
2012-09-13,42.25644302368164
2012-09-14,42.250282287597656
2012-09-17,42.00373840332031
2012-09-18,41.68940353393555
2012-09-19,41.62160110473633
2012-09-20,40.820369720458984
2012-09-21,40.801876068115234
2012-09-24,40.543006896972656
2012-09-25,39.9636344909668
2012-09-26,40.12528610229492
2012-09-27,40.255855560302734
2012-09-28,40.09419250488281
2012-10-01,39.851741790771484
2012-10-02,40.16880798339844
2012-10-03,39.820648193359375
2012-10-04,39.48493194580078
2012-10-05,39.4476203918457
2012-10-08,39.23624801635742
2012-10-09,39.174068450927734
2012-10-10,39.31706619262695
2012-10-11,39.11191177368164
2012-10-12,38.98134994506836
2012-10-15,39.39789962768555
2012-10-16,39.770904541015625
2012-10-17,39.95120620727539
2012-10-18,40.65997314453125
2012-10-19,40.64752960205078
2012-10-22,40.52320098876953
2012-10-23,40.30558395385742
2012-10-24,40.28694534301758
2012-10-25,40.21232986450195
2012-10-26,40.025814056396484
2012-10-31,40.80296325683594
2012-11-01,41.057865142822266
2012-11-02,41.77284622192383
2012-11-05,41.76039123535156
2012-11-06,41.785255432128906
2012-11-07,41.4246711730957
2012-11-08,40.827823638916016
2012-11-09,40.722129821777344
2012-11-12,40.79674530029297
2012-11-13,40.44859313964844
2012-11-14,39.4476203918457
2012-11-15,39.49735641479492
2012-11-16,39.801998138427734
2012-11-19,40.293155670166016
2012-11-20,40.44237518310547
2012-11-21,40.255855560302734
2012-11-23,40.52320098876953
2012-11-26,40.49209976196289
2012-11-27,40.54183578491211
2012-11-28,40.32424545288086
2012-11-29,41.07029342651367
2012-11-30,40.84647750854492
2012-12-03,40.94595718383789
2012-12-04,41.02056121826172
2012-12-05,40.98325729370117
2012-12-06,41.38115692138672
2012-12-07,41.52414321899414
2012-12-10,41.5054931640625
2012-12-11,41.79769515991211
2012-12-12,41.84122085571289
2012-12-13,41.671939849853516
2012-12-14,41.77225112915039
2012-12-17,41.79731750488281
2012-12-18,41.84748840332031
2012-12-19,41.67822265625
2012-12-20,42.19230270385742
2012-12-21,42.3239631652832
2012-12-24,42.63115310668945
2012-12-26,42.46814727783203
2012-12-27,42.70010757446289
2012-12-28,42.50577926635742
2012-12-31,42.76280212402344
2013-01-02,42.99476623535156
2013-01-03,42.95088195800781
2013-01-04,43.1890983581543
2013-01-07,43.40854263305664
2013-01-08,43.22673034667969
2013-01-09,43.245540618896484
2013-01-10,43.1702880859375
2013-01-11,43.264347076416016
2013-01-14,43.37092208862305
2013-01-15,43.784698486328125
2013-01-16,43.67811584472656
2013-01-17,43.81604766845703
2013-01-18,43.8849983215332
2013-01-22,44.16084671020508
2013-01-23,44.3050422668457
2013-01-24,44.135780334472656
2013-01-25,44.16084671020508
2013-01-28,44.116966247558594
2013-01-29,44.31130599975586
2013-01-30,44.12323760986328
2013-01-31,43.502586364746094
2013-02-01,43.32077407836914
2013-02-04,42.869380950927734
2013-02-05,42.71891784667969
2013-02-06,42.82548904418945
2013-02-07,42.74399185180664
2013-02-08,43.352115631103516
2013-02-11,42.96968460083008
2013-02-12,43.56526565551758
2013-02-13,43.58406448364258
2013-02-14,43.5213737487793
2013-02-15,43.84111785888672
2013-02-19,44.31130599975586
2013-02-20,44.80659103393555
2013-02-21,44.229820251464844
2013-02-22,44.46804428100586
2013-02-25,43.82231521606445
2013-02-26,44.035465240478516
2013-02-27,44.07307815551758
2013-02-28,43.34585189819336
2013-03-01,43.52765655517578
2013-03-04,43.490047454833984
2013-03-05,43.67811584472656
2013-03-06,43.66558074951172
2013-03-07,43.61542510986328
2013-03-08,43.3583869934082
2013-03-11,43.07000732421875
2013-03-12,42.98222732543945
2013-03-13,43.1702880859375
2013-03-14,43.740814208984375
2013-03-15,44.104427337646484
2013-03-18,44.048011779785156
2013-03-19,43.728271484375
2013-03-20,43.596622467041016
2013-03-21,43.383445739746094
2013-03-22,43.82231521606445
2013-03-25,43.67811584472656
2013-03-26,43.99444580078125
2013-03-27,43.7540397644043
2013-03-28,43.45036315917969
2013-04-01,43.981773376464844
2013-04-02,44.13995361328125
2013-04-03,43.89955139160156
2013-04-04,44.835872650146484
2013-04-05,45.5823974609375
2013-04-08,46.04423522949219
2013-04-09,45.816463470458984
2013-04-10,45.59504318237305
2013-04-11,45.48749542236328
2013-04-12,45.77852249145508
2013-04-15,45.050968170166016
2013-04-16,45.7658576965332
2013-04-17,45.10790252685547
2013-04-18,44.89281463623047
2013-04-19,45.341976165771484
2013-04-22,45.24708938598633
2013-04-23,45.27872085571289
2013-04-24,45.49382019042969
2013-04-25,45.069950103759766
2013-04-26,44.91810607910156
2013-04-29,45.202789306640625
2013-04-30,45.7658576965332
2013-05-01,45.519126892089844
2013-05-02,45.74055480957031
2013-05-03,45.12688446044922
2013-05-06,45.221778869628906
2013-05-07,45.993614196777344
2013-05-08,46.063201904296875
2013-05-09,46.208717346191406
2013-05-10,46.51236343383789
2013-05-13,46.8919677734375
2013-05-14,47.02483367919922
2013-05-15,47.22727966308594
2013-05-16,47.23360824584961
2013-05-17,47.271568298339844
2013-05-20,47.43605041503906
2013-05-21,47.739715576171875
2013-05-22,46.303611755371094
2013-05-23,45.49382019042969
2013-05-24,45.620361328125
2013-05-28,44.8485221862793
2013-05-29,44.203216552734375
2013-05-30,43.88690185546875
2013-05-31,43.81098556518555
2013-06-03,44.177921295166016
2013-06-04,43.728736877441406
2013-06-05,43.12771224975586
2013-06-06,43.393428802490234
2013-06-07,42.82405090332031
2013-06-10,42.41914367675781
2013-06-11,41.58404541015625
2013-06-12,41.03997039794922
2013-06-13,42.12812805175781
2013-06-14,41.91300964355469
2013-06-17,41.685272216796875
2013-06-18,41.9699592590332
2013-06-19,40.622413635253906
2013-06-20,39.84426498413086
2013-06-21,41.31832504272461
2013-06-24,41.748538970947266
2013-06-25,42.62791061401367
2013-06-26,43.34318161010742
2013-06-27,44.345802307128906
2013-06-28,44.15422439575195
2013-07-01,44.21170425415039
2013-07-02,44.971656799316406
2013-07-03,44.671504974365234
2013-07-05,44.41605758666992
2013-07-08,44.63957977294922
2013-07-09,45.22072219848633
2013-07-10,45.565574645996094
2013-07-11,46.85558319091797
2013-07-12,46.60012435913086
2013-07-15,46.51711654663086
2013-07-16,46.60651397705078
2013-07-17,46.7789421081543
2013-07-18,46.98970031738281
2013-07-19,46.766178131103516
2013-07-22,46.9577522277832
2013-07-23,47.091880798339844
2013-07-24,46.018985748291016
2013-07-25,46.0892448425293
2013-07-26,45.967899322509766
2013-07-29,45.94235610961914
2013-07-30,45.744384765625
2013-07-31,45.04829025268555
2013-08-01,45.48255157470703
2013-08-02,44.8567008972168
2013-08-05,44.537391662597656
2013-08-06,44.32664489746094
2013-08-07,43.82215118408203
2013-08-08,43.50284194946289
2013-08-09,44.16699981689453
2013-08-12,43.451744079589844
2013-08-13,42.857818603515625
2013-08-14,42.64707565307617
2013-08-15,41.42093276977539
2013-08-16,40.21393966674805
2013-08-19,40.23947525024414
2013-08-20,40.68013000488281
2013-08-21,40.629051208496094
2013-08-22,40.68013000488281
2013-08-23,40.77592086791992
2013-08-26,40.552398681640625
2013-08-27,40.501319885253906
2013-08-28,39.964881896972656
2013-08-29,39.95210266113281
2013-08-30,39.46035385131836
2013-09-03,38.732330322265625
2013-09-04,38.92392349243164
2013-09-05,38.89838409423828
2013-09-06,39.54976272583008
2013-09-09,40.43745422363281
2013-09-10,40.839786529541016
2013-09-11,41.33153533935547
2013-09-12,41.2165641784668
2013-09-13,41.5997428894043
2013-09-16,42.01484298706055
2013-09-17,41.44009017944336
2013-09-18,42.62152862548828
2013-09-19,42.774803161621094
2013-09-20,41.567813873291016
2013-09-23,41.063297271728516
2013-09-24,40.46299743652344
2013-09-25,40.34164810180664
2013-09-26,40.88350296020508
2013-09-27,40.6190299987793
2013-09-30,39.63209533691406
2013-10-01,40.65128707885742
2013-10-02,40.9931526184082
2013-10-03,40.50937271118164
2013-10-04,40.14813995361328
2013-10-07,40.225547790527344
2013-10-08,40.212646484375
2013-10-09,40.419071197509766
2013-10-10,41.47695541381836
2013-10-11,41.87042999267578
2013-10-14,41.82528305053711
2013-10-15,41.573707580566406
2013-10-16,42.231666564941406
2013-10-17,42.902523040771484
2013-10-18,42.53485107421875
2013-10-21,42.192955017089844
2013-10-22,42.405818939208984
2013-10-23,42.67030334472656
2013-10-24,41.50919723510742
2013-10-25,41.973636627197266
2013-10-28,41.92849349975586
2013-10-29,41.780128479003906
2013-10-30,41.844635009765625
2013-10-31,41.412452697753906
2013-11-01,39.683692932128906
2013-11-04,40.244903564453125
2013-11-05,39.32893371582031
2013-11-06,39.76110076904297
2013-11-07,39.290225982666016
2013-11-08,38.69032287597656
2013-11-11,38.96124267578125
2013-11-12,38.96124267578125
2013-11-13,39.096702575683594
2013-11-14,38.82578659057617
2013-11-15,38.6129035949707
2013-11-18,38.432308197021484
2013-11-19,38.27749252319336
2013-11-20,37.65177536010742
2013-11-21,38.11622619628906
2013-11-22,37.8323974609375
2013-11-25,37.3421630859375
2013-11-26,37.135738372802734
2013-11-27,37.716285705566406
2013-11-29,37.361515045166016
2013-12-02,37.49696350097656
2013-12-03,37.90336608886719
2013-12-04,39.064456939697266
2013-12-05,39.43212890625
2013-12-06,38.7806282043457
2013-12-09,38.316184997558594
2013-12-10,38.25168991088867
2013-12-11,37.15509033203125
2013-12-12,36.916419982910156
2013-12-13,37.046871185302734
2013-12-16,37.040340423583984
2013-12-17,37.444732666015625
2013-12-18,37.862152099609375
2013-12-19,37.040340423583984
2013-12-20,37.09904098510742
2013-12-23,37.216453552246094
2013-12-24,37.47734069824219
2013-12-26,37.47734069824219
2013-12-27,37.67301559448242
2013-12-30,37.770851135253906
2013-12-31,37.09904098510742
2014-01-02,37.5947380065918
2014-01-03,38.17524337768555
2014-01-06,38.879638671875
2014-01-07,38.429603576660156
2014-01-08,38.38395690917969
2014-01-09,38.46873474121094
2014-01-10,38.71659469604492
2014-01-13,38.38395690917969
2014-01-14,38.76876449584961
2014-01-15,39.244895935058594
2014-01-16,39.31664276123047
2014-01-17,39.34925842285156
2014-01-21,39.72101974487305
2014-01-22,39.81235122680664
2014-01-23,39.460140228271484
2014-01-24,39.16010665893555
2014-01-27,38.74919509887695
2014-01-28,39.264461517333984
2014-01-29,39.36229705810547
2014-01-30,40.05366516113281
2014-01-31,40.32108688354492
2014-02-03,40.021053314208984
2014-02-04,40.901573181152344
2014-02-05,41.4233512878418
2014-02-06,42.23213195800781
2014-02-07,42.773494720458984
2014-02-10,43.28874206542969
2014-02-11,43.347434997558594
2014-02-12,42.72129821777344
2014-02-13,42.58433151245117
2014-02-14,42.401702880859375
2014-02-18,42.62347412109375
2014-02-19,42.59085464477539
2014-02-20,42.56476593017578
2014-02-21,42.675636291503906
2014-02-24,42.5712890625
2014-02-25,42.9495849609375
2014-02-26,43.13874053955078
2014-02-27,42.773494720458984
2014-02-28,43.50396728515625
2014-03-03,43.373538970947266
2014-03-04,43.69965744018555
2014-03-05,43.647457122802734
2014-03-06,43.30179214477539
2014-03-07,43.380069732666016
2014-03-10,42.858272552490234
2014-03-11,43.203956604003906
2014-03-12,43.26264953613281
2014-03-13,43.3148307800293
2014-03-14,43.64095687866211
2014-03-17,43.86924362182617
2014-03-18,43.993160247802734
2014-03-19,42.9952392578125
2014-03-20,43.595298767089844
2014-03-21,43.549644470214844
2014-03-24,43.490936279296875
2014-03-25,44.0844612121582
2014-03-26,43.353973388671875
2014-03-27,43.84146499633789
2014-03-28,43.80191421508789
2014-03-31,44.36189270019531
2014-04-01,44.11814880371094
2014-04-02,44.40802001953125
2014-04-03,43.933685302734375
2014-04-04,44.51340866088867
2014-04-07,44.869163513183594
2014-04-08,45.15242385864258
2014-04-09,45.02067184448242
2014-04-10,44.53316879272461
2014-04-11,44.170841217041016
2014-04-14,44.210365295410156
2014-04-15,44.61880874633789
2014-04-16,44.93501663208008
2014-04-17,44.6846923828125
2014-04-21,44.974552154541016
2014-04-22,44.961395263671875
2014-04-23,44.539756774902344
2014-04-24,44.954795837402344
2014-04-25,45.119476318359375
2014-04-28,45.475223541259766
2014-04-29,45.19194030761719
2014-04-30,45.119476318359375
2014-05-01,45.21830368041992
2014-05-02,45.76508331298828
2014-05-05,45.93635940551758
2014-05-06,45.8836784362793
2014-05-07,46.81912612915039
2014-05-08,46.92452621459961
2014-05-09,46.95746612548828
2014-05-12,46.78617858886719
2014-05-13,46.516090393066406
2014-05-14,46.549015045166016
2014-05-15,46.23283004760742
2014-05-16,46.469974517822266
2014-05-19,46.37773895263672
2014-05-20,46.48973083496094
2014-05-21,45.82437515258789
2014-05-22,45.58720779418945
2014-05-23,45.699214935302734
2014-05-27,46.10105514526367
2014-05-28,45.96930694580078
2014-05-29,46.04835510253906
2014-05-30,46.2723388671875
2014-06-02,46.5029182434082
2014-06-03,46.601741790771484
2014-06-04,46.740081787109375
2014-06-05,47.4844856262207
2014-06-06,46.98381042480469
2014-06-09,46.33822250366211
2014-06-10,46.120819091796875
2014-06-11,45.9100227355957
2014-06-12,46.14717483520508
2014-06-13,46.305274963378906
2014-06-16,45.8902587890625
2014-06-17,46.008827209472656
2014-06-18,46.180110931396484
2014-06-19,46.39750289916992
2014-06-20,46.35139083862305
2014-06-23,46.2723388671875
2014-06-24,46.417274475097656
2014-06-25,46.687374114990234
2014-06-26,46.561031341552734
2014-06-27,47.14619445800781
2014-06-30,47.312435150146484
2014-07-01,47.445430755615234
2014-07-02,47.24594497680664
2014-07-03,46.96000671386719
2014-07-07,47.09963607788086
2014-07-08,47.41217803955078
2014-07-09,47.52521514892578
2014-07-10,47.64492416381836
2014-07-11,47.85771942138672
2014-07-14,47.977420806884766
2014-07-15,48.216796875
2014-07-16,48.32319259643555
2014-07-17,48.17024612426758
2014-07-18,48.64238357543945
2014-07-21,48.56257629394531
2014-07-22,48.64238357543945
2014-07-23,48.92164611816406
2014-07-24,48.98815155029297
2014-07-25,48.555938720703125
2014-07-28,49.14109802246094
2014-07-29,48.95491409301758
2014-07-30,49.15440368652344
2014-07-31,48.1170539855957
2014-08-01,48.19683837890625
2014-08-04,48.72216796875
2014-08-05,48.4561767578125
2014-08-06,47.99734115600586
2014-08-07,48.137001037597656
2014-08-08,48.50936508178711
2014-08-11,48.788665771484375
2014-08-12,48.86181640625
2014-08-13,49.52011489868164
2014-08-14,49.18101119995117
2014-08-15,49.107845306396484
2014-08-18,49.66643142700195
2014-08-19,49.69965744018555
2014-08-20,49.8991584777832
2014-08-21,49.65977096557617
2014-08-22,49.214263916015625
2014-08-25,49.24749755859375
2014-08-26,49.41372299194336
2014-08-27,49.307334899902344
2014-08-28,49.2541389465332
2014-08-29,49.76615905761719
2014-09-02,49.8991584777832
2014-09-03,50.14519500732422
2014-09-04,49.76615905761719
2014-09-05,50.21169662475586
2014-09-08,50.198387145996094
2014-09-09,49.91244888305664
2014-09-10,48.58917236328125
2014-09-11,48.595821380615234
2014-09-12,47.292484283447266
2014-09-15,46.33494567871094
2014-09-16,46.434688568115234
2014-09-17,46.434688568115234
2014-09-18,45.7497673034668
2014-09-19,45.93596649169922
2014-09-22,45.66997146606445
2014-09-23,45.45052719116211
2014-09-24,45.191184997558594
2014-09-25,45.10474395751953
2014-09-26,45.8165397644043
2014-09-29,45.89039993286133
2014-09-30,46.017982482910156
2014-10-01,46.09858322143555
2014-10-02,46.105289459228516
2014-10-03,45.977699279785156
2014-10-06,46.12542724609375
2014-10-07,46.105289459228516
2014-10-08,47.21326446533203
2014-10-09,47.266971588134766
2014-10-10,47.2266960144043
2014-10-13,47.36771011352539
2014-10-14,48.31452178955078
2014-10-15,48.12649917602539
2014-10-16,47.98549270629883
2014-10-17,47.76388168334961
2014-10-20,48.80471420288086
2014-10-21,49.335208892822266
2014-10-22,49.489654541015625
2014-10-23,50.08056640625
2014-10-24,49.67767333984375
2014-10-27,50.14772415161133
2014-10-28,50.315589904785156
2014-10-29,50.52376937866211
2014-10-30,50.81251907348633
2014-10-31,51.4840202331543
2014-11-03,52.28980255126953
2014-11-04,51.92719650268555
2014-11-05,51.571311950683594
2014-11-06,50.98036575317383
2014-11-07,50.73192596435547
2014-11-10,51.5377082824707
2014-11-11,51.154972076416016
2014-11-12,50.73863983154297
2014-11-13,51.034088134765625
2014-11-14,50.315589904785156
2014-11-17,50.63790512084961
2014-11-18,50.73863983154297
2014-11-19,50.161155700683594
2014-11-20,50.36932373046875
2014-11-21,50.81922912597656
2014-11-24,51.08783721923828
2014-11-25,51.14155197143555
2014-11-26,51.557884216308594
2014-11-28,51.49070358276367
2014-12-01,49.61052322387695
2014-12-02,49.503089904785156
2014-12-03,49.01959228515625
2014-12-04,49.96642303466797
2014-12-05,50.0335693359375
2014-12-08,50.25515365600586
2014-12-09,50.161155700683594
2014-12-10,50.25515365600586
2014-12-11,49.88584518432617
2014-12-12,49.113609313964844
2014-12-15,49.05939865112305
2014-12-16,49.499839782714844
2014-12-17,50.60436248779297
2014-12-18,50.753440856933594
2014-12-19,50.861854553222656
2014-12-22,51.80373764038086
2014-12-23,51.49882507324219
2014-12-24,51.119354248046875
2014-12-26,51.200679779052734
2014-12-29,51.322628021240234
2014-12-30,50.79409408569336
2014-12-31,50.0351676940918
2015-01-02,50.990604400634766
2015-01-05,50.787322998046875
2015-01-06,51.24132537841797
2015-01-07,52.650753021240234
2015-01-08,52.10189437866211
2015-01-09,52.6236572265625
2015-01-12,53.3419303894043
2015-01-13,52.44070053100586
2015-01-14,52.85406494140625
2015-01-15,53.43001937866211
2015-01-16,53.741729736328125
2015-01-20,53.25382614135742
2015-01-21,53.79594039916992
2015-01-22,54.34478759765625
2015-01-23,53.99922561645508
2015-01-26,54.83270263671875
2015-01-27,54.73105239868164
2015-01-28,54.114418029785156
2015-01-29,53.79594039916992
2015-01-30,52.2103157043457
2015-02-02,51.952823638916016
2015-02-03,52.54912185668945
2015-02-04,52.16965866088867
2015-02-05,52.35261535644531
2015-02-06,50.9499626159668
2015-02-09,50.84153747558594
2015-02-10,50.936397552490234
2015-02-11,50.81441879272461
2015-02-12,51.68177032470703
2015-02-13,50.983821868896484
2015-02-17,50.85508346557617
2015-02-18,51.3768424987793
2015-02-19,50.38753128051758
2015-02-20,51.275203704833984
2015-02-23,50.990604400634766
2015-02-24,49.669254302978516
2015-02-25,49.37788009643555
2015-02-26,49.03907775878906
2015-02-27,49.32366180419922
2015-03-02,49.54728317260742
2015-03-03,49.55405044555664
2015-03-04,49.208473205566406
2015-03-05,49.845436096191406
2015-03-06,49.64891815185547
2015-03-09,50.60436248779297
2015-03-10,51.02449417114258
2015-03-11,50.60436248779297
2015-03-12,51.248111724853516
2015-03-13,51.248111724853516
2015-03-16,51.93925857543945
2015-03-17,51.9324836730957
2015-03-18,52.81339645385742
2015-03-19,52.759193420410156
2015-03-20,54.62263107299805
2015-03-23,54.527767181396484
2015-03-24,53.9382438659668
2015-03-25,53.13864517211914
2015-03-26,52.87438201904297
2015-03-27,52.97695541381836
2015-03-30,53.83161544799805
2015-03-31,53.42138671875
2015-04-01,53.07950210571289
2015-04-02,53.68802261352539
2015-04-06,54.091461181640625
2015-04-07,53.67436218261719
2015-04-08,53.9341926574707
2015-04-09,52.47779846191406
2015-04-10,52.3957405090332
2015-04-13,51.97865676879883
2015-04-14,52.388912200927734
2015-04-15,51.862422943115234
2015-04-16,52.15643310546875
2015-04-17,51.944480895996094
2015-04-20,51.99232864379883
2015-04-21,52.47779846191406
2015-04-22,52.990623474121094
2015-04-23,52.949588775634766
2015-04-24,52.83335494995117
2015-04-27,53.093177795410156
2015-04-28,52.95642852783203
2015-04-29,52.15643310546875
2015-04-30,51.335941314697266
2015-05-01,51.2607307434082
2015-05-04,51.62311553955078
2015-05-05,50.214603424072266
2015-05-06,50.50177001953125
2015-05-07,51.322261810302734
2015-05-08,51.80088424682617
2015-05-11,50.946189880371094
2015-05-12,51.24021911621094
2015-05-13,50.57014083862305
2015-05-14,51.315425872802734
2015-05-15,52.06754684448242
2015-05-18,51.53423309326172
2015-05-19,51.8419075012207
2015-05-20,51.8761100769043
2015-05-21,51.68464660644531
2015-05-22,51.64361572265625
2015-05-26,51.24021911621094
2015-05-27,51.787208557128906
2015-05-28,51.985496520996094
2015-05-29,51.2675895690918
2015-06-01,51.96499252319336
2015-06-02,51.2675895690918
2015-06-03,50.34450912475586
2015-06-04,50.351356506347656
2015-06-05,50.31031799316406
2015-06-08,50.3034553527832
2015-06-09,49.93424987792969
2015-06-10,50.44023132324219
2015-06-11,51.08978271484375
2015-06-12,51.390647888183594
2015-06-15,51.13082504272461
2015-06-16,51.82823181152344
2015-06-17,52.07438278198242
2015-06-18,53.14787292480469
2015-06-19,52.51884078979492
2015-06-22,52.17011642456055
2015-06-23,51.63679122924805
2015-06-24,51.30858612060547
2015-06-25,51.08294677734375
2015-06-26,51.593711853027344
2015-06-29,51.14506912231445
2015-06-30,51.269309997558594
2015-07-01,52.373661041259766
2015-07-02,52.71876907348633
2015-07-06,52.8706169128418
2015-07-07,53.26404571533203
2015-07-08,53.063880920410156
2015-07-09,53.29164123535156
2015-07-10,53.533226013183594
2015-07-13,53.52632141113281
2015-07-14,53.74029541015625
2015-07-15,53.84382247924805
2015-07-16,54.08539962768555
2015-07-17,54.1406135559082
2015-07-20,54.45122528076172
2015-07-21,54.147518157958984
2015-07-22,54.47193908691406
2015-07-23,54.0163688659668
2015-07-24,54.4857177734375
2015-07-27,54.47193908691406
2015-07-28,54.26484680175781
2015-07-29,54.26484680175781
2015-07-30,54.32006072998047
2015-07-31,54.961971282958984
2015-08-03,55.0447883605957
2015-08-04,54.644466400146484
2015-08-05,54.42360305786133
2015-08-06,54.527130126953125
2015-08-07,54.95507049560547
2015-08-10,55.031002044677734
2015-08-11,55.1207160949707
2015-08-12,55.27944564819336
2015-08-13,55.21733856201172
2015-08-14,55.30018615722656
2015-08-17,55.73501205444336
2015-08-18,56.100833892822266
2015-08-19,55.36228561401367
2015-08-20,54.527130126953125
2015-08-21,53.46420669555664
2015-08-24,50.220184326171875
2015-08-25,49.329803466796875
2015-08-26,49.97171401977539
2015-08-27,50.90349197387695
2015-08-28,51.048439025878906
2015-08-31,49.7163200378418
2015-09-01,48.83974838256836
2015-09-02,49.095115661621094
2015-09-03,49.06751251220703
2015-09-04,47.95627212524414
2015-09-08,48.85354995727539
2015-09-09,47.9355583190918
2015-09-10,48.17715072631836
2015-09-11,48.81904983520508
2015-09-14,48.68790054321289
2015-09-15,49.391929626464844
2015-09-16,49.923397064208984
2015-09-17,50.17876052856445
2015-09-18,50.303016662597656
2015-09-21,50.53078842163086
2015-09-22,50.116641998291016
2015-09-23,50.454856872558594
2015-09-24,49.75082778930664
2015-09-25,49.985511779785156
2015-09-28,49.61612319946289
2015-09-29,51.06578063964844
2015-09-30,51.50486373901367
2015-10-01,51.65819549560547
2015-10-02,52.0275993347168
2015-10-05,52.51543045043945
2015-10-06,52.13212203979492
2015-10-07,53.01726150512695
2015-10-08,53.62361526489258
2015-10-09,53.52602767944336
2015-10-12,53.90936279296875
2015-10-13,53.56787109375
2015-10-14,53.18452072143555
2015-10-15,53.95815658569336
2015-10-16,54.097557067871094
2015-10-19,55.08720779418945
2015-10-20,54.88508987426758
2015-10-21,54.75267028808594
2015-10-22,55.02447509765625
2015-10-23,54.439056396484375
2015-10-26,54.05571365356445
2015-10-27,54.06966018676758
2015-10-28,53.46331024169922
2015-10-29,53.233314514160156
2015-10-30,51.42821502685547
2015-11-02,53.010284423828125
2015-11-03,52.884830474853516
2015-11-04,52.60606384277344
2015-11-05,53.205440521240234
2015-11-06,51.56760787963867
2015-11-09,51.267906188964844
2015-11-10,52.376075744628906
2015-11-11,52.66877746582031
2015-11-12,52.257598876953125
2015-11-13,51.811527252197266
2015-11-16,52.42485046386719
2015-11-17,52.68968963623047
2015-11-18,52.78724670410156
2015-11-19,52.99634552001953
2015-11-20,53.28208541870117
2015-11-23,53.33087921142578
2015-11-24,52.954524993896484
2015-11-25,53.54694366455078
2015-11-27,54.16722869873047
2015-11-30,53.233314514160156
2015-12-01,54.34147262573242
2015-12-02,53.44935989379883
2015-12-03,52.466670989990234
2015-12-04,53.937225341796875
2015-12-07,53.10784149169922
2015-12-08,53.26119613647461
2015-12-09,52.78724670410156
2015-12-10,51.99970626831055
2015-12-11,52.201812744140625
2015-12-14,52.09029006958008
2015-12-15,52.449127197265625
2015-12-16,53.20895004272461
2015-12-17,52.99787521362305
2015-12-18,52.54058074951172
2015-12-21,53.37779235839844
2015-12-22,53.15266799926758
2015-12-23,53.95469284057617
2015-12-24,53.715476989746094
2015-12-28,54.06727600097656
2015-12-29,54.48938751220703
2015-12-30,54.461238861083984
2015-12-31,54.003944396972656
2016-01-04,53.3215217590332
2016-01-05,54.313499450683594
2016-01-06,54.123538970947266
2016-01-07,53.39891052246094
2016-01-08,52.477256774902344
2016-01-11,52.7586669921875
2016-01-12,52.48428726196289
2016-01-13,51.928489685058594
2016-01-14,51.4712028503418
2016-01-15,50.82392501831055
2016-01-19,51.57673645019531
2016-01-20,49.63494873046875
2016-01-21,49.6630859375
2016-01-22,50.760623931884766
2016-01-25,50.40883255004883
2016-01-26,51.90739059448242
2016-01-27,51.837032318115234
2016-01-28,51.865169525146484
2016-01-29,53.680320739746094
2016-02-01,53.63810348510742
2016-02-02,53.18079376220703
2016-02-03,53.884342193603516
2016-02-04,54.334617614746094
2016-02-05,52.01293182373047
2016-02-08,51.09830856323242
2016-02-09,51.112396240234375
2016-02-10,51.091285705566406
2016-02-11,50.225921630859375
2016-02-12,50.451045989990234
2016-02-16,51.76667404174805
2016-02-17,51.64708709716797
2016-02-18,51.837032318115234
2016-02-19,51.9495964050293
2016-02-22,52.43504333496094
2016-02-23,52.29432678222656
2016-02-24,51.942562103271484
2016-02-25,52.24508285522461
2016-02-26,52.259151458740234
2016-02-29,52.5827751159668
2016-03-01,54.003944396972656
2016-03-02,55.17885971069336
2016-03-03,55.73466110229492
2016-03-04,55.67836380004883
2016-03-07,55.62207794189453
2016-03-08,55.615055084228516
2016-03-09,55.73466110229492
2016-03-10,55.403995513916016
2016-03-11,55.713558197021484
2016-03-14,55.83317184448242
2016-03-15,56.10752868652344
2016-03-16,56.410064697265625
2016-03-17,57.63423156738281
2016-03-18,57.95082092285156
2016-03-21,57.500572204589844
2016-03-22,57.760841369628906
2016-03-23,57.70457458496094
2016-03-24,57.37390899658203
2016-03-28,57.880455017089844
2016-03-29,59.286293029785156
2016-03-30,59.30050277709961
2016-03-31,59.70520782470703
2016-04-01,59.520599365234375
2016-04-04,59.69099807739258
2016-04-05,58.90999221801758
2016-04-06,59.229488372802734
2016-04-07,58.704078674316406
2016-04-08,58.860286712646484
2016-04-11,58.45559310913086
2016-04-12,58.58338928222656
2016-04-13,58.150272369384766
2016-04-14,56.85805130004883
2016-04-15,58.09347152709961
2016-04-18,58.341976165771484
2016-04-19,58.37038803100586
2016-04-20,57.34084701538086
2016-04-21,56.87936019897461
2016-04-22,57.73847198486328
2016-04-25,58.625980377197266
2016-04-26,58.675689697265625
2016-04-27,58.249671936035156
2016-04-28,58.41297149658203
2016-04-29,57.31956100463867
2016-05-02,58.43425750732422
2016-05-03,57.99406433105469
2016-05-04,59.10169982910156
2016-05-05,59.67679977416992
2016-05-06,60.8270378112793
2016-05-09,61.15362548828125
2016-05-10,61.387935638427734
2016-05-11,60.75602340698242
2016-05-12,61.50865173339844
2016-05-13,61.02582550048828
2016-05-16,61.629337310791016
2016-05-17,60.91933059692383
2016-05-18,60.57851028442383
2016-05-19,59.37860107421875
2016-05-20,60.00340270996094
2016-05-23,59.76200485229492
2016-05-24,60.37974166870117
2016-05-25,60.117000579833984
2016-05-26,60.27321243286133
2016-05-27,60.514617919921875
2016-05-31,60.50042724609375
2016-06-01,59.71231460571289
2016-06-02,59.634185791015625
2016-06-03,58.263858795166016
2016-06-06,57.04265213012695
2016-06-07,57.603546142578125
2016-06-08,57.1988525390625
2016-06-09,57.37636184692383
2016-06-10,57.37636184692383
2016-06-13,57.94435119628906
2016-06-14,58.10765838623047
2016-06-15,59.073272705078125
2016-06-16,59.51348114013672
2016-06-17,58.895790100097656
2016-06-20,59.24370193481445
2016-06-21,59.236602783203125
2016-06-22,59.80460739135742
2016-06-23,60.3868293762207
2016-06-24,59.98920440673828
2016-06-27,60.57851028442383
2016-06-28,61.43092727661133
2016-06-29,62.46242904663086
2016-06-30,63.33635330200195
2016-07-01,63.61568832397461
2016-07-05,64.35346984863281
2016-07-06,64.4609603881836
2016-07-07,64.28903198242188
2016-07-08,64.58271789550781
2016-07-11,64.67584991455078
2016-07-12,64.40361785888672
2016-07-13,64.5683822631836
2016-07-14,63.30766296386719
2016-07-15,62.799072265625
2016-07-18,62.97816467285156
2016-07-19,63.5225830078125
2016-07-20,63.67300033569336
2016-07-21,64.14576721191406
2016-07-22,64.16727447509766
2016-07-25,63.887882232666016
2016-07-26,63.021141052246094
2016-07-27,61.86069869995117
2016-07-28,62.183048248291016
2016-07-29,64.17440795898438
2016-08-01,64.16008758544922
2016-08-02,62.92086410522461
2016-08-03,62.3120002746582
2016-08-04,61.681640625
2016-08-05,61.76759338378906
2016-08-08,62.440948486328125
2016-08-09,62.641502380371094
2016-08-10,62.0612907409668
2016-08-11,61.581382751464844
2016-08-12,62.111427307128906
2016-08-15,63.37930679321289
2016-08-16,62.03265380859375
2016-08-17,62.3120002746582
2016-08-18,62.25471115112305
2016-08-19,61.86789321899414
2016-08-22,62.0469856262207
2016-08-23,62.0469856262207
2016-08-24,61.481075286865234
2016-08-25,62.03265380859375
2016-08-26,61.73179626464844
2016-08-29,62.46242904663086
2016-08-30,62.50541687011719
2016-08-31,62.8707160949707
2016-09-01,63.70880889892578
2016-09-02,64.17440795898438
2016-09-06,64.49675750732422
2016-09-07,64.94802856445312
2016-09-08,63.39365768432617
2016-09-09,61.09425735473633
2016-09-12,62.17589569091797
2016-09-13,59.94817352294922
2016-09-14,60.52837371826172
2016-09-15,60.836402893066406
2016-09-16,60.70030212402344
2016-09-19,62.61286163330078
2016-09-20,62.82057189941406
2016-09-21,63.309898376464844
2016-09-22,64.65740966796875
2016-09-23,65.10154724121094
2016-09-26,65.71131134033203
2016-09-27,65.24457550048828
2016-09-28,65.63185119628906
2016-09-29,64.40927124023438
2016-09-30,63.58916473388672
2016-10-03,62.20711898803711
2016-10-04,61.50850296020508
2016-10-05,59.815128326416016
2016-10-06,59.146881103515625
2016-10-07,58.85073471069336
2016-10-10,59.26839828491211
2016-10-11,58.334381103515625
2016-10-12,58.80516815185547
2016-10-13,59.101318359375
2016-10-14,59.101318359375
2016-10-17,59.16965103149414
2016-10-18,59.21522521972656
2016-10-19,59.60250473022461
2016-10-20,59.57212829589844
2016-10-21,59.79994201660156
2016-10-24,60.1644172668457
2016-10-25,60.172027587890625
2016-10-26,60.44538879394531
2016-10-27,58.896305084228516
2016-10-28,60.26316452026367
2016-10-31,61.84260940551758
2016-11-01,61.128814697265625
2016-11-02,61.303489685058594
2016-11-03,61.698341369628906
2016-11-04,62.07803726196289
2016-11-07,61.78187942504883
2016-11-08,62.41215896606445
2016-11-09,60.79469680786133
2016-11-10,58.97221755981445
2016-11-11,58.782386779785156
2016-11-14,59.549354553222656
2016-11-15,58.06100082397461
2016-11-16,58.74441146850586
2016-11-17,58.091365814208984
2016-11-18,57.749637603759766
2016-11-21,57.71168899536133
2016-11-22,59.01779556274414
2016-11-23,59.01779556274414
2016-11-25,59.48857879638672
2016-11-28,59.76956558227539
2016-11-29,60.18722915649414
2016-11-30,59.76956558227539
2016-12-01,59.594905853271484
2016-12-02,59.815128326416016
2016-12-05,59.67084884643555
2016-12-06,59.101318359375
2016-12-07,59.43544387817383
2016-12-08,60.27833938598633
2016-12-09,60.452972412109375
2016-12-12,61.46293640136719
2016-12-13,61.766685485839844
2016-12-14,61.16886901855469
2016-12-15,61.39882278442383
2016-12-16,62.71706008911133
2016-12-19,63.10027313232422
2016-12-20,63.330196380615234
2016-12-21,62.379825592041016
2016-12-22,63.4375
2016-12-23,63.75171661376953
2016-12-27,63.63677215576172
2016-12-28,63.37618637084961
2016-12-29,63.843719482421875
2016-12-30,64.4338607788086
2017-01-03,64.42621612548828
2017-01-04,65.36124420166016
2017-01-05,65.2999267578125
2017-01-06,64.99334716796875
2017-01-09,64.38788604736328
2017-01-10,63.37618637084961
2017-01-11,63.015968322753906
2017-01-12,62.90867233276367
2017-01-13,62.81670379638672
2017-01-17,63.29954147338867
2017-01-18,63.52183151245117
2017-01-19,63.29954147338867
2017-01-20,63.598487854003906
2017-01-23,63.49882125854492
2017-01-24,63.797733306884766
2017-01-25,63.52183151245117
2017-01-26,63.828392028808594
2017-01-27,63.475826263427734
2017-01-30,63.06963348388672
2017-01-31,64.05064392089844
2017-02-01,62.517791748046875
2017-02-02,64.38788604736328
2017-02-03,64.12725830078125
2017-02-06,64.70978546142578
2017-02-07,64.47219848632812
2017-02-08,62.96230697631836
2017-02-09,63.0083122253418
2017-02-10,62.93932342529297
2017-02-13,62.594417572021484
2017-02-14,62.372161865234375
2017-02-15,61.99660873413086
2017-02-16,62.74771499633789
2017-02-17,62.901004791259766
2017-02-21,63.63677215576172
2017-02-22,63.4375
2017-02-23,64.24991607666016
2017-02-24,64.56415557861328
2017-02-27,65.10066223144531
2017-02-28,64.87838745117188
2017-03-01,64.17329406738281
2017-03-02,63.32253646850586
2017-03-03,62.632774353027344
2017-03-06,62.34150314331055
2017-03-07,62.11157989501953
2017-03-08,61.23785400390625
2017-03-09,60.59404754638672
2017-03-10,60.85464859008789
2017-03-13,60.617034912109375
2017-03-14,60.8929557800293
2017-03-15,62.349159240722656
2017-03-16,62.30318832397461
2017-03-17,62.81670379638672
2017-03-20,62.19587707519531
2017-03-21,62.2188720703125
2017-03-22,62.18056106567383
2017-03-23,62.64042663574219
2017-03-24,62.74771499633789
2017-03-27,62.088584899902344
2017-03-28,61.93528747558594
2017-03-29,62.26793670654297
2017-03-30,62.29117202758789
2017-03-31,62.2447395324707
2017-04-03,62.29890060424805
2017-04-04,62.61606979370117
2017-04-05,62.80173110961914
2017-04-06,62.87910842895508
2017-04-07,62.56193542480469
2017-04-10,62.85588455200195
2017-04-11,63.24270248413086
2017-04-12,63.06477355957031
2017-04-13,62.809486389160156
2017-04-17,63.78422164916992
2017-04-18,63.87705612182617
2017-04-19,63.62179183959961
2017-04-20,63.56760787963867
2017-04-21,63.37421417236328
2017-04-24,63.714603424072266
2017-04-25,65.03750610351562
2017-04-26,64.91370391845703
2017-04-27,63.985382080078125
2017-04-28,63.6913948059082
2017-05-01,63.7300910949707
2017-05-02,63.51348114013672
2017-05-03,63.25044250488281
2017-05-04,63.24270248413086
2017-05-05,63.714603424072266
2017-05-08,63.010597229003906
2017-05-09,63.08025360107422
2017-05-10,63.50572204589844
2017-05-11,63.20403289794922
2017-05-12,63.43610763549805
2017-05-15,63.18080139160156
2017-05-16,62.763065338134766
2017-05-17,63.026119232177734
2017-05-18,63.60630798339844
2017-05-19,63.660457611083984
2017-05-22,63.84613037109375
2017-05-23,64.16329193115234
2017-05-24,64.67388153076172
2017-05-25,64.89051055908203
2017-05-26,64.37989807128906
2017-05-30,64.33350372314453
2017-05-31,64.44954681396484
2017-06-01,64.30254364013672
2017-06-02,65.48617553710938
2017-06-05,66.5846939086914
2017-06-06,66.01998138427734
2017-06-07,66.76264953613281
2017-06-08,66.72395324707031
2017-06-09,67.01019287109375
2017-06-12,67.0256576538086
2017-06-13,67.57493591308594
2017-06-14,67.86115264892578
2017-06-15,68.3485336303711
2017-06-16,68.80498504638672
2017-06-19,68.8668441772461
2017-06-20,68.91329193115234
2017-06-21,67.81476593017578
2017-06-22,67.47435760498047
2017-06-23,67.7296371459961
2017-06-26,67.56718444824219
2017-06-27,66.90189361572266
2017-06-28,67.21404266357422
2017-06-29,67.04235076904297
2017-06-30,66.73020935058594
2017-07-03,67.29207611083984
2017-07-05,68.10367584228516
2017-07-06,66.86286163330078
2017-07-07,67.26866912841797
2017-07-10,66.05126190185547
2017-07-11,65.70010375976562
2017-07-12,66.64437866210938
2017-07-13,66.44927215576172
2017-07-14,67.40132904052734
2017-07-17,67.81494140625
2017-07-18,67.73690795898438
2017-07-19,68.82941436767578
2017-07-20,68.95427703857422
2017-07-21,69.53175354003906
2017-07-24,69.12598419189453
2017-07-25,68.24412536621094
2017-07-26,68.89966583251953
2017-07-27,68.24412536621094
2017-07-28,69.75806427001953
2017-07-31,70.0
2017-08-01,69.58638763427734
2017-08-02,69.76585388183594
2017-08-03,69.8049087524414
2017-08-04,69.92195892333984
2017-08-07,70.02339935302734
2017-08-08,70.28091430664062
2017-08-09,70.50725555419922
2017-08-10,70.07801818847656
2017-08-11,69.47715759277344
2017-08-14,70.36676025390625
2017-08-15,69.82832336425781
2017-08-16,69.6410140991211
2017-08-17,69.36787414550781
2017-08-18,68.93869018554688
2017-08-21,70.10924530029297
2017-08-22,70.17948913574219
2017-08-23,70.56185150146484
2017-08-24,70.46821594238281
2017-08-25,70.40579223632812
2017-08-28,69.74246215820312
2017-08-29,69.47715759277344
2017-08-30,70.14047241210938
2017-08-31,69.82832336425781
2017-09-01,70.55406188964844
2017-09-05,71.41248321533203
2017-09-06,71.77925109863281
2017-09-07,73.58193969726562
2017-09-08,74.68226623535156
2017-09-11,74.07357788085938
2017-09-12,73.33219909667969
2017-09-13,72.65326690673828
2017-09-14,73.16053771972656
2017-09-15,73.51167297363281
2017-09-18,73.39464569091797
2017-09-19,73.12931823730469
2017-09-20,73.09810638427734
2017-09-21,72.91082000732422
2017-09-22,72.57522583007812
2017-09-25,72.58302307128906
2017-09-26,72.36455535888672
2017-09-27,71.5997543334961
2017-09-28,72.01679229736328
2017-09-29,71.95381927490234
2017-10-02,71.64696502685547
2017-10-03,71.67058563232422
2017-10-04,72.58328247070312
2017-10-05,72.84293365478516
2017-10-06,72.70915222167969
2017-10-09,73.43304443359375
2017-10-10,73.16551208496094
2017-10-11,73.480224609375
2017-10-12,74.07820892333984
2017-10-13,74.04676818847656
2017-10-16,73.78709411621094
2017-10-17,73.18911743164062
2017-10-18,72.77999877929688
2017-10-19,72.83506774902344
2017-10-20,72.59113311767578
2017-10-23,72.56754302978516
2017-10-24,71.84368896484375
2017-10-25,71.7807388305664
2017-10-26,71.2378158569336
2017-10-27,71.79645538330078
2017-10-30,71.67058563232422
2017-10-31,71.78858947753906
2017-11-01,71.93022918701172
2017-11-02,71.44242095947266
2017-11-03,72.77210998535156
2017-11-06,73.70842742919922
2017-11-07,74.031005859375
2017-11-08,74.13328552246094
2017-11-09,73.88939666748047
2017-11-10,74.10967254638672
2017-11-13,74.53458404541016
2017-11-14,74.68406677246094
2017-11-15,73.4881362915039
2017-11-16,74.21197509765625
2017-11-17,73.23633575439453
2017-11-20,73.17338562011719
2017-11-21,73.81858825683594
2017-11-22,73.31501770019531
2017-11-24,73.88150787353516
2017-11-27,73.18125915527344
2017-11-28,72.39444732666016
2017-11-29,72.06398010253906
2017-11-30,71.82008361816406
2017-12-01,72.20559692382812
2017-12-04,72.3551025390625
2017-12-05,71.67058563232422
2017-12-06,71.94596099853516
2017-12-07,72.33937072753906
2017-12-08,72.5124740600586
2017-12-11,72.6697998046875
2017-12-12,73.56681823730469
2017-12-13,72.8586654663086
2017-12-14,72.9062728881836
2017-12-15,73.81848907470703
2017-12-18,74.61964416503906
2017-12-19,72.60485076904297
2017-12-20,71.64501190185547
2017-12-21,71.240478515625
2017-12-22,72.11302185058594
2017-12-26,72.30341339111328
2017-12-27,72.5572280883789
2017-12-28,72.77143096923828
2017-12-29,73.02523803710938
2018-01-02,72.5810317993164
2018-01-03,72.72381591796875
2018-01-04,70.35206604003906
2018-01-05,70.10612487792969
2018-01-08,70.92316436767578
2018-01-09,70.00300598144531
2018-01-10,68.70211791992188
2018-01-11,67.86129760742188
2018-01-12,67.24256134033203
2018-01-16,67.82957458496094
2018-01-17,67.82164001464844
2018-01-18,67.1949691772461
2018-01-19,67.2742919921875
2018-01-22,67.96440887451172
2018-01-23,69.0669937133789
2018-01-24,68.57518005371094
2018-01-25,69.05115509033203
2018-01-26,68.59898376464844
2018-01-29,67.91678619384766
2018-01-30,67.33775329589844
2018-01-31,68.6624526977539
2018-02-01,67.02838897705078
2018-02-02,66.15582275390625
2018-02-05,64.29171752929688
2018-02-06,64.83113861083984
2018-02-07,63.78404998779297
2018-02-08,62.491085052490234
2018-02-09,64.05374908447266
2018-02-12,64.40277099609375
2018-02-13,64.93425750732422
2018-02-14,64.16480255126953
2018-02-15,65.62437438964844
2018-02-16,66.12409973144531
2018-02-20,64.80731964111328
2018-02-21,63.04634094238281
2018-02-22,63.7523307800293
2018-02-23,64.85491943359375
2018-02-26,64.32345581054688
2018-02-27,63.181182861328125
2018-02-28,63.22880172729492
2018-03-01,63.038414001464844
2018-03-02,62.30864715576172
2018-03-05,63.14153289794922
2018-03-06,62.75285339355469
2018-03-07,63.06220245361328
2018-03-08,64.50591278076172
2018-03-09,65.47364807128906
2018-03-12,65.62437438964844
2018-03-13,65.93372344970703
2018-03-14,66.57624053955078
2018-03-15,66.68730926513672
2018-03-16,67.234619140625
2018-03-19,66.99665069580078
2018-03-20,66.4889907836914
2018-03-21,65.8305892944336
2018-03-22,65.06907653808594
2018-03-23,64.32345581054688
2018-03-26,65.0452880859375
2018-03-27,65.28325653076172
2018-03-28,67.30909729003906
2018-03-29,67.40519714355469
2018-04-02,66.50838470458984
2018-04-03,67.34114074707031
2018-04-04,67.96570587158203
2018-04-05,68.08582305908203
2018-04-06,67.97370910644531
2018-04-09,67.71747589111328
2018-04-10,68.14987182617188
2018-04-11,68.9345932006836
2018-04-12,67.92567443847656
2018-04-13,68.51018524169922
2018-04-16,68.66234588623047
2018-04-17,69.04667663574219
2018-04-18,68.82247161865234
2018-04-19,68.00574493408203
2018-04-20,67.87762451171875
2018-04-23,67.51729583740234
2018-04-24,67.66141510009766
2018-04-25,67.54132080078125
2018-04-26,68.1018295288086
2018-04-27,68.95061492919922
2018-04-30,68.38208770751953
2018-05-01,69.0546875
2018-05-02,68.7984619140625
2018-05-03,68.07779693603516
2018-05-04,69.21483612060547
2018-05-07,69.54312896728516
2018-05-08,69.47907257080078
2018-05-09,69.78335571289062
2018-05-10,70.46395874023438
2018-05-11,69.98355865478516
2018-05-14,69.01465606689453
2018-05-15,67.37315368652344
2018-05-16,67.0608901977539
2018-05-17,66.74860382080078
2018-05-18,66.42830657958984
2018-05-21,67.09291076660156
2018-05-22,67.21302795410156
2018-05-23,68.76641845703125
2018-05-24,68.14987182617188
2018-05-25,68.5422134399414
2018-05-29,68.56623840332031
2018-05-30,70.10365295410156
2018-05-31,70.46395874023438
2018-06-01,71.45687866210938
2018-06-04,72.62593078613281
2018-06-05,71.93731689453125
2018-06-06,72.27365112304688
2018-06-07,71.99335479736328
2018-06-08,72.97025299072266
2018-06-11,72.56189727783203
2018-06-12,72.84212493896484
2018-06-13,71.34477233886719
2018-06-14,72.19355773925781
2018-06-15,72.31365966796875
2018-06-18,71.92929077148438
2018-06-19,71.73713684082031
2018-06-20,72.53784942626953
2018-06-21,73.40264129638672
2018-06-22,73.81901550292969
2018-06-25,74.003173828125
2018-06-26,73.46670532226562
2018-06-27,72.71400451660156
2018-06-28,73.53772735595703
2018-06-29,73.59427642822266
2018-07-02,73.32777404785156
2018-07-03,73.44890594482422
2018-07-05,73.84461212158203
2018-07-06,74.01420593261719
2018-07-09,73.47314453125
2018-07-10,73.65885162353516
2018-07-11,74.23224639892578
2018-07-12,74.52297973632812
2018-07-13,73.90115356445312
2018-07-16,73.61042022705078
2018-07-17,72.6170883178711
2018-07-18,72.26177978515625
2018-07-19,73.21471405029297
2018-07-20,72.63324737548828
2018-07-23,72.657470703125
2018-07-24,72.33446502685547
2018-07-25,73.15011596679688
2018-07-26,73.54582214355469
2018-07-27,72.94013214111328
2018-07-30,72.89974975585938
2018-07-31,74.7733154296875
2018-08-01,75.338623046875
2018-08-02,74.68450164794922
2018-08-03,75.79086303710938
2018-08-06,75.37899780273438
2018-08-07,75.46784973144531
2018-08-08,75.02367401123047
2018-08-09,74.96714782714844
2018-08-10,74.6037368774414
2018-08-13,74.64411926269531
2018-08-14,75.41940307617188
2018-08-15,75.66165924072266
2018-08-16,75.90394592285156
2018-08-17,76.63883972167969
2018-08-20,76.36425018310547
2018-08-21,75.63743591308594
2018-08-22,75.5889663696289
2018-08-23,75.7989730834961
2018-08-24,76.30772399902344
2018-08-27,76.2673568725586
2018-08-28,77.13951110839844
2018-08-29,76.9457015991211
2018-08-30,76.65498352050781
2018-08-31,76.76805114746094
2018-09-04,76.1542739868164
2018-09-05,76.17851257324219
2018-09-06,76.17041778564453
2018-09-07,75.90394592285156
2018-09-10,76.25928497314453
2018-09-11,76.52577209472656
2018-09-12,76.41271209716797
2018-09-13,76.63075256347656
2018-09-14,76.34809875488281
2018-09-17,76.75189971923828
2018-09-18,76.75997161865234
2018-09-19,75.15290069580078
2018-09-20,75.66165924072266
2018-09-21,76.64690399169922
2018-09-24,75.37899780273438
2018-09-25,75.94432830810547
2018-09-26,74.70873260498047
2018-09-27,74.49700927734375
2018-09-28,76.1989974975586
2018-10-01,75.27876281738281
2018-10-02,75.79994201660156
2018-10-03,75.10775756835938
2018-10-04,74.74129486083984
2018-10-05,74.97747039794922
2018-10-08,76.54914855957031
2018-10-09,76.85861206054688
2018-10-10,75.53937530517578
2018-10-11,72.697265625
2018-10-12,72.6646957397461
2018-10-15,73.58492279052734
2018-10-16,74.9041748046875
2018-10-17,74.98561096191406
2018-10-18,74.76573944091797
2018-10-19,75.7510986328125
2018-10-22,74.45626068115234
2018-10-23,74.40741729736328
2018-10-24,75.93025207519531
2018-10-25,76.52472686767578
2018-10-26,73.58492279052734
2018-10-29,74.30155181884766
2018-10-30,75.5556411743164
2018-10-31,73.51160430908203
2018-11-01,73.50350189208984
2018-11-02,72.90899658203125
2018-11-05,74.08165740966797
2018-11-06,74.47257232666016
2018-11-07,75.15660858154297
2018-11-08,75.441650390625
2018-11-09,75.36019897460938
2018-11-12,75.66966247558594
2018-11-13,75.50679016113281
2018-11-14,74.45626068115234
2018-11-15,73.67449188232422
2018-11-16,75.14848327636719
2018-11-19,75.36834716796875
2018-11-20,75.81623077392578
2018-11-21,76.46772003173828
2018-11-23,76.06871795654297
2018-11-26,76.150146484375
2018-11-27,76.29670715332031
2018-11-28,76.5084457397461
2018-11-29,76.32115173339844
2018-11-30,77.49382019042969
2018-12-03,77.14363098144531
2018-12-04,75.54750061035156
2018-12-06,76.84231567382812
2018-12-07,75.67782592773438
2018-12-10,75.7836685180664
2018-12-11,75.83251190185547
2018-12-12,74.17938995361328
2018-12-13,74.72502899169922
2018-12-14,75.14384460449219
2018-12-17,72.8197250366211
2018-12-18,73.84628295898438
2018-12-19,73.71487426757812
2018-12-20,73.90377807617188
2018-12-21,73.41921997070312
2018-12-24,69.7236328125
2018-12-26,71.67819213867188
2018-12-27,71.74388885498047
2018-12-28,71.70282745361328
2018-12-31,72.31056213378906
2019-01-02,69.21444702148438
2019-01-03,69.7236328125
2019-01-04,69.7564926147461
2019-01-07,69.93716430664062
2019-01-08,71.64533233642578
2019-01-09,71.79316711425781
2019-01-10,72.6718978881836
2019-01-11,72.91828155517578
2019-01-14,72.7293930053711
2019-01-15,73.88733673095703
2019-01-16,75.0370864868164
2019-01-17,75.3655776977539
2019-01-18,75.49698638916016
2019-01-22,75.35738372802734
2019-01-23,76.01435852050781
2019-01-24,75.8172607421875
2019-01-25,76.8027572631836
2019-01-28,77.8128890991211
2019-01-29,78.84764862060547
2019-01-30,79.30754089355469
2019-01-31,79.61961364746094
2019-02-01,79.40611267089844
2019-02-04,79.78386688232422
2019-02-05,80.47372436523438
2019-02-06,80.61333465576172
2019-02-07,81.42636108398438
2019-02-08,81.23747253417969
2019-02-11,81.50848388671875
2019-02-12,80.43266296386719
2019-02-13,81.11428833007812
2019-02-14,80.98290252685547
2019-02-15,81.05681610107422
2019-02-19,81.13894653320312
2019-02-20,79.25006866455078
2019-02-21,79.91525268554688
2019-02-22,80.16985321044922
2019-02-25,79.98918151855469
2019-02-26,80.03846740722656
2019-02-27,80.16985321044922
2019-02-28,80.55584716796875
2019-03-01,80.20270538330078
2019-03-04,81.11428833007812
2019-03-05,81.39352416992188
2019-03-06,80.95002746582031
2019-03-07,80.91718292236328
2019-03-08,81.40172576904297
2019-03-11,82.31330108642578
2019-03-12,82.77320098876953
2019-03-13,83.03600311279297
2019-03-14,83.25775909423828
2019-03-15,82.75679016113281
2019-03-18,82.0587158203125
2019-03-19,81.910888671875
2019-03-20,81.3688735961914
2019-03-21,82.01766204833984
2019-03-22,81.96837615966797
2019-03-25,82.18191528320312
2019-03-26,83.33985137939453
2019-03-27,83.33985137939453
2019-03-28,84.1676254272461
2019-03-29,84.01863098144531
2019-04-01,83.72891235351562
2019-04-02,84.54839324951172
2019-04-03,84.39112091064453
2019-04-04,84.25041198730469
2019-04-05,84.19244384765625
2019-04-08,84.19244384765625
2019-04-09,84.01036071777344
2019-04-10,84.8464126586914
2019-04-11,84.7553482055664
2019-04-12,84.94573211669922
2019-04-15,84.88778686523438
2019-04-16,82.71075439453125
2019-04-17,81.05521392822266
2019-04-18,81.64292907714844
2019-04-22,80.94760131835938
2019-04-23,82.00714874267578
2019-04-24,82.77698516845703
2019-04-25,82.52037811279297
2019-04-26,83.33157348632812
2019-04-29,82.1313247680664
2019-04-30,83.31502532958984
2019-05-01,83.09980010986328
2019-05-02,82.76041412353516
2019-05-03,83.46401977539062
2019-05-06,83.5136947631836
2019-05-07,82.00714874267578
2019-05-08,81.74227142333984
2019-05-09,82.6528091430664
2019-05-10,83.58818817138672
2019-05-13,83.44746398925781
2019-05-14,83.7702865600586
2019-05-15,84.06829833984375
2019-05-16,84.4407958984375
2019-05-17,85.21060943603516
2019-05-20,84.17591857910156
2019-05-21,85.01194763183594
2019-05-22,85.43411254882812
2019-05-23,85.98871612548828
2019-05-24,86.33638763427734
2019-05-28,86.05493927001953
2019-05-29,84.78018188476562
2019-05-30,84.59806823730469
2019-05-31,85.55827331542969
2019-06-03,85.70728302001953
2019-06-04,84.88778686523438
2019-06-05,87.17242431640625
2019-06-06,87.74360656738281
2019-06-07,87.91741943359375
2019-06-10,87.31317138671875
2019-06-11,87.15587615966797
2019-06-12,88.00848388671875
2019-06-13,87.9753646850586
2019-06-14,87.87604522705078
2019-06-17,88.93558502197266
2019-06-18,88.30648040771484
2019-06-19,88.60447692871094
2019-06-20,89.1259765625
2019-06-21,87.88431549072266
2019-06-24,87.68563842773438
2019-06-25,87.5863265991211
2019-06-26,86.31156158447266
2019-06-27,86.46171569824219
2019-06-28,87.07898712158203
2019-07-01,87.40432739257812
2019-07-02,88.82239532470703
2019-07-03,89.8567886352539
2019-07-05,89.6148681640625
2019-07-08,90.3405990600586
2019-07-09,90.89949035644531
2019-07-10,91.86712646484375
2019-07-11,90.95787048339844
2019-07-12,90.68260192871094
2019-07-15,90.87445068359375
2019-07-16,90.51577758789062
2019-07-17,90.1987533569336
2019-07-18,90.32391357421875
2019-07-19,88.50541687011719
2019-07-22,88.0799789428711
2019-07-23,89.34791564941406
2019-07-24,89.28955078125
2019-07-25,89.76500701904297
2019-07-26,88.346923828125
2019-07-29,88.60550689697266
2019-07-30,88.49706268310547
2019-07-31,86.51174926757812
2019-08-01,86.4116439819336
2019-08-02,86.70361328125
2019-08-05,84.86844635009766
2019-08-06,86.5284423828125
2019-08-07,86.68689727783203
2019-08-08,87.79638671875
2019-08-09,88.23847961425781
2019-08-12,88.0799789428711
2019-08-13,87.99657440185547
2019-08-14,85.9361801147461
2019-08-15,87.64620971679688
2019-08-16,88.5721435546875
2019-08-19,89.34791564941406
2019-08-20,89.1977767944336
2019-08-21,89.74833679199219
2019-08-22,89.8651123046875
2019-08-23,88.73064422607422
2019-08-26,89.50643920898438
2019-08-27,89.51476287841797
2019-08-28,90.06532287597656
2019-08-29,90.3405990600586
2019-08-30,90.29889678955078
2019-09-03,90.8077392578125
2019-09-04,91.72528076171875
2019-09-05,91.34159851074219
2019-09-06,92.55113220214844
2019-09-09,92.04229736328125
2019-09-10,91.65857696533203
2019-09-11,91.12470245361328
2019-09-12,90.89949035644531
2019-09-13,89.90681457519531
2019-09-16,91.32491302490234
2019-09-17,92.35929107666016
2019-09-18,92.38432312011719
2019-09-19,92.06733703613281
2019-09-20,91.7586669921875
2019-09-23,92.40097045898438
2019-09-24,92.09233856201172
2019-09-25,92.41768646240234
2019-09-26,93.24349975585938
2019-09-27,93.1258773803711
2019-09-30,93.26872253417969
2019-10-01,92.89900970458984
2019-10-02,93.15946960449219
2019-10-03,94.02485656738281
2019-10-04,94.75582885742188
2019-10-07,94.55419158935547
2019-10-08,94.739013671875
2019-10-09,95.05831146240234
2019-10-10,95.47840118408203
2019-10-11,94.78943634033203
2019-10-14,94.697021484375
2019-10-15,94.0500717163086
2019-10-16,95.31875610351562
2019-10-17,95.85646057128906
2019-10-18,96.3941879272461
2019-10-21,96.5874252319336
2019-10-22,96.03290557861328
2019-10-23,96.15892791748047
2019-10-24,95.9236831665039
2019-10-25,95.63801574707031
2019-10-28,95.16752624511719
2019-10-29,95.31875610351562
2019-10-30,96.28496551513672
2019-10-31,96.09172821044922
2019-11-01,96.07490539550781
2019-11-04,95.36076354980469
2019-11-05,94.17610931396484
2019-11-06,94.31892395019531
2019-11-07,92.64696502685547
2019-11-08,92.52095794677734
2019-11-11,92.75617980957031
2019-11-12,91.87399291992188
2019-11-13,93.03345489501953
2019-11-14,93.64678955078125
2019-11-15,94.3441390991211
2019-11-18,94.59619903564453
2019-11-19,94.76422882080078
2019-11-20,94.6634292602539
2019-11-21,92.65538024902344
2019-11-22,91.95802307128906
2019-11-25,92.0756607055664
2019-11-26,94.17610931396484
2019-11-27,94.28532409667969
2019-11-29,93.7223892211914
2019-12-02,91.87399291992188
2019-12-03,92.63858795166016
2019-12-04,92.92422485351562
2019-12-05,92.99986267089844
2019-12-06,92.82341003417969
2019-12-09,92.83179473876953
2019-12-10,92.42852783203125
2019-12-11,90.90778350830078
2019-12-12,90.03400421142578
2019-12-13,89.09439086914062
2019-12-16,89.41605377197266
2019-12-17,88.48490905761719
2019-12-18,88.84889221191406
2019-12-19,89.23828887939453
2019-12-20,89.53457641601562
2019-12-23,88.80661010742188
2019-12-24,89.03511810302734
2019-12-26,88.93354797363281
2019-12-27,89.03511810302734
2019-12-30,89.14517974853516
2019-12-31,89.81391906738281
2020-01-02,88.93354797363281
2020-01-03,89.64462280273438
2020-01-06,90.06787872314453
2020-01-07,88.95893859863281
2020-01-08,89.14517974853516
2020-01-09,89.2806167602539
2020-01-10,89.91548919677734
2020-01-13,90.57575225830078
2020-01-14,90.69428253173828
2020-01-15,91.37995147705078
2020-01-16,92.3280258178711
2020-01-17,93.08988189697266
2020-01-21,94.31729888916016
2020-01-22,93.30996704101562
2020-01-23,94.11414337158203
2020-01-24,93.99562072753906
2020-01-27,93.59776306152344
2020-01-28,93.92790985107422
2020-01-29,93.48775482177734
2020-01-30,93.83480834960938
2020-01-31,95.17227935791016
2020-02-03,94.46968841552734
2020-02-04,95.02835845947266
2020-02-05,94.88446807861328
2020-02-06,95.65478515625
2020-02-07,95.53627014160156
2020-02-10,96.50975036621094
2020-02-11,97.08535766601562
2020-02-12,98.18584442138672
2020-02-13,99.52330017089844
2020-02-14,100.64068603515625
2020-02-18,100.48831176757812
2020-02-19,99.72645568847656
2020-02-20,101.32634735107422
2020-02-21,101.93582916259766
2020-02-24,100.92849731445312
2020-02-25,98.65985107421875
2020-02-26,98.54984283447266
2020-02-27,93.75862884521484
2020-02-28,89.71234130859375
2020-03-02,93.36075592041016
2020-03-03,92.70047760009766
2020-03-04,97.36471557617188
2020-03-05,97.17848205566406
2020-03-06,96.4589614868164
2020-03-09,86.6564712524414
2020-03-10,86.69879150390625
2020-03-11,80.72248077392578
2020-03-12,74.0689697265625
2020-03-13,81.23884582519531
2020-03-16,66.70439910888672
2020-03-17,72.96853637695312
2020-03-18,65.2992172241211
2020-03-19,65.73092651367188
2020-03-20,60.135536193847656
2020-03-23,56.96962356567383
2020-03-24,59.449867248535156
2020-03-25,62.85279846191406
2020-03-26,69.12539672851562
2020-03-27,72.53680419921875
2020-03-30,71.23751831054688
2020-03-31,67.73292541503906
2020-04-01,64.0830078125
2020-04-02,61.80928039550781
2020-04-03,61.501556396484375
2020-04-06,68.3312759399414
2020-04-07,68.8013916015625
2020-04-08,73.25482940673828
2020-04-09,76.15252685546875
2020-04-13,72.81031799316406
2020-04-14,74.37458801269531
2020-04-15,72.91289520263672
2020-04-16,71.64781188964844
2020-04-17,75.06694793701172
2020-04-20,71.23751831054688
2020-04-21,69.96391296386719
2020-04-22,72.02395629882812
2020-04-23,70.9811019897461
2020-04-24,71.53670501708984
2020-04-27,73.80188751220703
2020-04-28,73.87024688720703
2020-04-29,75.97300720214844
2020-04-30,75.28065490722656
2020-05-01,72.76759338378906
2020-05-04,73.3916015625
2020-05-05,73.51978302001953
2020-05-06,71.87860870361328
2020-05-07,74.5882797241211
2020-05-08,75.614013671875
2020-05-11,74.59681701660156
2020-05-12,71.95555114746094
2020-05-13,71.70764923095703
2020-05-14,71.13493347167969
2020-05-15,71.63072204589844
2020-05-18,77.71678161621094
2020-05-19,75.98155975341797
2020-05-20,76.44314575195312
2020-05-21,75.88754272460938
2020-05-22,75.71658325195312
2020-05-26,78.76817321777344
2020-05-27,78.16126251220703
2020-05-28,79.11006164550781
2020-05-29,78.27239227294922
2020-06-01,79.75969696044922
2020-06-02,79.24683380126953
2020-06-03,82.77708435058594
2020-06-04,81.73424530029297
2020-06-05,83.45236206054688
2020-06-08,86.8116455078125
2020-06-09,85.30723571777344
2020-06-10,82.75143432617188
2020-06-11,79.47763061523438
2020-06-12,81.46924591064453
2020-06-15,80.16999816894531
2020-06-16,82.79420471191406
2020-06-17,80.93074798583984
2020-06-18,80.62303161621094
2020-06-19,79.9306640625
2020-06-22,79.17845153808594
2020-06-23,77.5030746459961
2020-06-24,76.09268951416016
2020-06-25,76.6824722290039
2020-06-26,75.81062316894531
2020-06-29,77.56220245361328
2020-06-30,78.7098159790039
2020-07-01,80.94461059570312
2020-07-02,80.73754119873047
2020-07-06,79.35697174072266
2020-07-07,77.4068832397461
2020-07-08,77.20844268798828
2020-07-09,76.483642578125
2020-07-10,77.11354064941406
2020-07-13,77.47593688964844
2020-07-14,78.26111602783203
2020-07-15,78.8996353149414
2020-07-16,77.63124084472656
2020-07-17,78.26976776123047
2020-07-20,76.66484832763672
2020-07-21,76.05220794677734
2020-07-22,78.14894104003906
2020-07-23,77.5967025756836
2020-07-24,77.2515869140625
2020-07-27,77.00997924804688
2020-07-28,78.16622161865234
2020-07-29,78.77022552490234
2020-07-30,80.2198257446289
2020-07-31,78.35604858398438
2020-08-03,76.98410034179688
2020-08-04,77.10488891601562
2020-08-05,76.75112915039062
2020-08-06,77.35513305664062
2020-08-07,76.70800018310547
2020-08-10,76.69070434570312
2020-08-11,77.11354064941406
2020-08-12,78.00228118896484
2020-08-13,75.87964630126953
2020-08-14,76.08671569824219
2020-08-17,76.65621185302734
2020-08-18,76.27654266357422
2020-08-19,74.94776153564453
2020-08-20,75.72431945800781
2020-08-21,75.63805389404297
2020-08-24,76.06947326660156
2020-08-25,76.91507720947266
2020-08-26,74.83558654785156
2020-08-27,77.37238311767578
2020-08-28,78.58901977539062
2020-08-31,78.46821594238281
2020-09-01,78.51997375488281
2020-09-02,79.20164489746094
2020-09-03,79.51227569580078
2020-09-04,80.4096450805664
2020-09-08,78.55448913574219
2020-09-09,78.8996353149414
2020-09-10,78.03679656982422
2020-09-11,77.39826965332031
2020-09-14,80.41827392578125
2020-09-15,79.3914566040039
2020-09-16,79.82290649414062
2020-09-17,78.80474090576172
2020-09-18,76.76837921142578
2020-09-21,74.7234115600586
2020-09-22,76.46637725830078
2020-09-23,75.94866180419922
2020-09-24,76.12123107910156
2020-09-25,77.95050048828125
2020-09-28,78.49411010742188
2020-09-29,77.86711120605469
2020-09-30,77.48397064208984
2020-10-01,80.10508728027344
2020-10-02,82.58686065673828
2020-10-05,84.08464050292969
2020-10-06,84.3546142578125
2020-10-07,84.03240203857422
2020-10-08,85.3908462524414
2020-10-09,83.87566375732422
2020-10-12,84.5722885131836
2020-10-13,83.98014831542969
2020-10-14,82.89165496826172
2020-10-15,82.26467895507812
2020-10-16,80.27053833007812
2020-10-19,79.23426055908203
2020-10-20,79.48681640625
2020-10-21,79.5390625
2020-10-22,80.28794860839844
2020-10-23,80.45339965820312
2020-10-26,79.08623504638672
2020-10-27,77.76261901855469
2020-10-28,76.78731536865234
2020-10-29,76.45641326904297
2020-10-30,80.32278442382812
2020-11-02,82.29950714111328
2020-11-03,85.66950225830078
2020-11-04,84.79872131347656
2020-11-05,84.86837768554688
2020-11-06,83.24866485595703
2020-11-09,85.86109161376953
2020-11-10,88.29933166503906
2020-11-11,87.08020782470703
2020-11-12,87.00184631347656
2020-11-13,87.35015106201172
2020-11-16,88.61282348632812
2020-11-17,88.65636444091797
2020-11-18,85.26893615722656
2020-11-19,85.20797729492188
2020-11-20,86.81895446777344
2020-11-23,85.89591217041016
2020-11-24,87.24565124511719
2020-11-25,85.87850952148438
2020-11-27,85.11219024658203
2020-11-30,86.06138610839844
2020-12-01,85.96558380126953
2020-12-02,86.39227294921875
2020-12-03,87.14114379882812
2020-12-04,87.72460174560547
2020-12-07,88.03807830810547
2020-12-08,86.56642150878906
2020-12-09,85.6085433959961
2020-12-10,83.5011978149414
2020-12-11,83.56217193603516
2020-12-14,84.03240203857422
2020-12-15,86.17556762695312
2020-12-16,86.60597229003906
2020-12-17,87.63365173339844
2020-12-18,84.74386596679688
2020-12-21,85.37627410888672
2020-12-22,86.16679382324219
2020-12-23,85.50804138183594
2020-12-24,86.69380187988281
2020-12-28,87.0451431274414
2020-12-29,86.54449462890625
2020-12-30,86.72015380859375
2020-12-31,87.76541137695312
2021-01-04,84.58576965332031
2021-01-05,83.91820526123047
2021-01-06,86.11409759521484
2021-01-07,85.01614379882812
2021-01-08,85.01614379882812
2021-01-11,84.33103942871094
2021-01-12,84.84927368164062
2021-01-13,85.27088165283203
2021-01-14,87.11542510986328
2021-01-15,88.34513854980469
2021-01-19,87.67756652832031
2021-01-20,90.15453338623047
2021-01-21,90.09306335449219
2021-01-22,90.07548522949219
2021-01-25,90.21601867675781
2021-01-26,90.99775695800781
2021-01-27,89.24105072021484
2021-01-28,90.27750396728516
2021-01-29,89.72413635253906
2021-02-01,92.13085174560547
2021-02-02,91.5774917602539
2021-02-03,91.12071228027344
2021-02-04,91.01534271240234
2021-02-05,89.41671752929688
2021-02-08,89.55726623535156
2021-02-09,88.8370132446289
2021-02-10,90.83967590332031
2021-02-11,93.10581970214844
2021-02-12,93.58014678955078
2021-02-16,93.45716857910156
2021-02-17,92.2801742553711
2021-02-18,91.1734390258789
2021-02-19,92.3416519165039
2021-02-22,92.17475891113281
2021-02-23,94.50238800048828
2021-02-24,93.77337646484375
2021-02-25,92.63150024414062
2021-02-26,91.48086547851562
2021-03-01,91.35789489746094
2021-03-02,91.15586853027344
2021-03-03,90.67278289794922
2021-03-04,88.21338653564453
2021-03-05,90.1984634399414
2021-03-08,90.55859375
2021-03-09,90.02278900146484
2021-03-10,91.19099426269531
2021-03-11,91.39303588867188
2021-03-12,93.6416015625
2021-03-15,96.87397003173828
2021-03-16,96.3557357788086
2021-03-17,96.13614654541016
2021-03-18,97.25167083740234
2021-03-19,94.00174713134766
2021-03-22,95.02942657470703
2021-03-23,95.6618423461914
2021-03-24,96.27668762207031
2021-03-25,96.69829559326172
2021-03-26,99.2982406616211
2021-03-29,97.75233459472656
2021-03-30,98.30101776123047
2021-03-31,97.2656021118164
2021-04-01,98.46028900146484
2021-04-05,98.04436492919922
2021-04-06,98.49571228027344
2021-04-07,99.97357177734375
2021-04-08,98.77887725830078
2021-04-09,99.40718078613281
2021-04-12,99.30984497070312
2021-04-13,100.61074829101562
2021-04-14,100.5045394897461
2021-04-15,101.88507843017578
2021-04-16,102.69922637939453
2021-04-19,103.64614868164062
2021-04-20,105.74348449707031
2021-04-21,106.77005004882812
2021-04-22,105.99125671386719
2021-04-23,105.05322265625
2021-04-26,105.67269134521484
2021-04-27,105.84967041015625
2021-04-28,105.10631561279297
2021-04-29,106.23906707763672
2021-04-30,106.6196060180664
2021-05-03,106.18595886230469
2021-05-04,105.5842056274414
2021-05-05,104.44259643554688
2021-05-06,107.04436492919922
2021-05-07,108.57534790039062
2021-05-10,109.08861541748047
2021-05-11,108.4780044555664
2021-05-12,105.90278625488281
2021-05-13,107.96472930908203
2021-05-14,108.20365905761719
2021-05-17,108.93818664550781
2021-05-18,108.43376159667969
2021-05-19,107.77003479003906
2021-05-20,108.91162872314453
2021-05-21,108.77002716064453
2021-05-24,110.29216766357422
2021-05-25,110.88509368896484
2021-05-26,111.29216766357422
2021-05-27,110.2479019165039
2021-05-28,110.95587921142578
2021-06-01,113.03553009033203
2021-06-02,114.95587158203125
2021-06-03,114.29216003417969
2021-06-04,114.31871795654297
2021-06-07,115.00898742675781
2021-06-08,116.84085083007812
2021-06-09,117.54882049560547
2021-06-10,119.50456237792969
2021-06-11,119.69924926757812
2021-06-14,119.6373291015625
2021-06-15,118.97357940673828
2021-06-16,118.29216003417969
2021-06-17,119.02667999267578
2021-06-18,117.3541030883789
2021-06-21,119.85853576660156
2021-06-22,119.45146942138672
2021-06-23,119.72579193115234
2021-06-24,119.45146942138672
2021-06-25,119.66385650634766
2021-06-28,119.27449035644531
2021-06-29,119.27447509765625
2021-06-30,118.13471984863281
2021-07-01,118.86487579345703
2021-07-02,119.5238037109375
2021-07-06,121.83007049560547
2021-07-07,122.31085968017578
2021-07-08,123.61979675292969
2021-07-09,125.71234130859375
2021-07-12,126.57608032226562
2021-07-13,125.47191619873047
2021-07-14,126.4247055053711
2021-07-15,127.3685531616211
2021-07-16,128.24119567871094
2021-07-19,127.26170349121094
2021-07-20,130.70773315429688
2021-07-21,130.36044311523438
2021-07-22,129.95974731445312
2021-07-23,131.09951782226562
2021-07-26,130.2892303466797
2021-07-27,130.7522430419922
2021-07-28,130.07554626464844
2021-07-29,132.45297241210938
2021-07-30,133.02285766601562
2021-08-02,133.67286682128906
2021-08-03,132.11463928222656
2021-08-04,131.7762451171875
2021-08-05,132.73794555664062
2021-08-06,131.6693878173828
2021-08-09,130.0576934814453
2021-08-10,127.4576416015625
2021-08-11,128.48162841796875
2021-08-12,129.13165283203125
2021-08-13,130.00428771972656
2021-08-16,130.7878875732422
2021-08-17,130.60089111328125
2021-08-18,130.22691345214844
2021-08-19,130.85911560058594
2021-08-20,130.62757873535156
2021-08-23,128.74874877929688
2021-08-24,126.88771057128906
2021-08-25,128.41928100585938
2021-08-26,129.7460479736328
2021-08-27,130.68099975585938
2021-08-30,132.48861694335938
2021-08-31,133.60165405273438
2021-09-01,135.80104064941406
2021-09-02,136.23736572265625
2021-09-03,136.62913513183594
2021-09-07,133.9845428466797
2021-09-08,136.36203002929688
2021-09-09,134.02906799316406
2021-09-10,133.41465759277344
2021-09-13,133.913330078125
2021-09-14,134.57223510742188
2021-09-15,134.554443359375
2021-09-16,134.0557861328125
2021-09-17,132.09681701660156
2021-09-20,132.39956665039062
2021-09-21,133.6995849609375
2021-09-22,134.23387145996094
2021-09-23,134.5455322265625
2021-09-24,133.34344482421875
2021-09-27,131.09951782226562
2021-09-28,131.85638427734375
2021-09-29,134.3994903564453
2021-09-30,132.05340576171875
2021-10-01,133.90699768066406
2021-10-04,135.50987243652344
2021-10-05,135.57254028320312
2021-10-06,136.8351593017578
2021-10-07,136.1993865966797
2021-10-08,135.0442352294922
2021-10-11,135.2770538330078
2021-10-12,138.07086181640625
2021-10-13,140.3632354736328
2021-10-14,141.9123992919922
2021-10-15,140.50653076171875
2021-10-18,142.31533813476562
2021-10-19,139.691650390625
2021-10-20,141.45570373535156
2021-10-21,141.77810668945312
2021-10-22,142.42286682128906
2021-10-25,141.39305114746094
2021-10-26,142.6287841796875
2021-10-27,142.7720489501953
2021-10-28,145.82557678222656
2021-10-29,146.0494384765625
2021-11-01,144.65252685546875
2021-11-02,144.67938232421875
2021-11-03,146.2464141845703
2021-11-04,143.7391815185547
2021-11-05,144.50924682617188
2021-11-08,144.93907165527344
2021-11-09,145.91513061523438
2021-11-10,147.39260864257812
2021-11-11,148.97756958007812
2021-11-12,148.3328399658203
2021-11-15,150.37449645996094
2021-11-16,147.80455017089844
2021-11-17,149.09400939941406
2021-11-18,148.43136596679688
2021-11-19,148.87014770507812
2021-11-22,149.067138671875
2021-11-23,150.0611114501953
2021-11-24,152.84596252441406
2021-11-26,149.52378845214844
2021-11-29,151.19833374023438
2021-11-30,147.93885803222656
2021-12-01,145.55691528320312
2021-12-02,150.67897033691406
2021-12-03,149.79246520996094
2021-12-06,152.08480834960938
2021-12-07,153.42800903320312
2021-12-08,155.4696502685547
2021-12-09,153.69664001464844
2021-12-10,155.5323486328125
2021-12-13,157.3769989013672
2021-12-14,155.33534240722656
2021-12-15,159.15933227539062
2021-12-16,156.99989318847656
2021-12-17,154.40858459472656
2021-12-20,154.71450805664062
2021-12-21,155.20936584472656
2021-12-22,156.97293090820312
2021-12-23,156.1001739501953
2021-12-27,158.86241149902344
2021-12-28,159.06936645507812
2021-12-29,159.8521728515625
2021-12-30,160.32003784179688
2021-12-31,160.7698974609375
2022-01-03,158.76344299316406
2022-01-04,158.64649963378906
2022-01-05,155.5422821044922
2022-01-06,153.82374572753906
2022-01-07,150.16171264648438
2022-01-10,148.90203857421875
2022-01-11,149.0549774169922
2022-01-12,151.82626342773438
2022-01-13,151.77224731445312
2022-01-14,148.99200439453125
2022-01-18,148.16421508789062
2022-01-19,146.21177673339844
2022-01-20,142.6126708984375
2022-01-21,141.8748779296875
2022-01-24,142.15380859375
2022-01-25,140.14732360839844
2022-01-26,138.97764587402344
2022-01-27,135.42355346679688
2022-01-28,142.459716796875
2022-01-31,144.04327392578125
2022-02-01,143.512451171875
2022-02-02,146.7696075439453
2022-02-03,148.65008544921875
2022-02-04,149.5768585205078
2022-02-07,145.94180297851562
2022-02-08,145.9508056640625
2022-02-09,151.0164794921875
2022-02-10,147.7053680419922
2022-02-11,149.30691528320312
2022-02-14,145.78884887695312
2022-02-15,146.32872009277344
2022-02-16,147.3544158935547
2022-02-17,145.60888671875
2022-02-18,145.67185974121094
2022-02-22,147.03952026367188
2022-02-23,145.8697967529297
2022-02-24,146.60765075683594
2022-02-25,151.24142456054688
2022-02-28,148.5601043701172
2022-03-01,147.3814239501953
2022-03-02,150.3596649169922
2022-03-03,151.24142456054688
2022-03-04,155.09239196777344
2022-03-07,153.1219024658203
2022-03-08,150.67457580566406
2022-03-09,152.05120849609375
2022-03-10,151.9882049560547
2022-03-11,149.5138702392578
2022-03-14,148.0922393798828
2022-03-15,149.13592529296875
2022-03-16,149.95477294921875
2022-03-17,150.95347595214844
2022-03-18,148.23622131347656
2022-03-21,148.40716552734375
2022-03-22,146.3646697998047
2022-03-23,146.3646697998047
2022-03-24,147.3904266357422
2022-03-25,148.23622131347656
2022-03-28,151.90724182128906
2022-03-29,154.15664672851562
2022-03-30,153.4509735107422
2022-03-31,150.36582946777344
2022-04-01,155.2513885498047
2022-04-04,152.89004516601562
2022-04-05,153.7223663330078
2022-04-06,158.5174560546875
2022-04-07,156.1651611328125
2022-04-08,152.18434143066406
2022-04-11,149.9496612548828
2022-04-12,149.4792022705078
2022-04-13,149.32540893554688
2022-04-14,148.9364013671875
2022-04-18,147.5430908203125
2022-04-19,149.9496612548828
2022-04-20,152.9262237548828
2022-04-21,154.37379455566406
2022-04-22,151.15293884277344
2022-04-25,148.55638122558594
2022-04-26,147.40736389160156
2022-04-27,146.30361938476562
2022-04-28,146.70169067382812
2022-04-29,141.94281005859375
2022-05-02,136.03492736816406
2022-05-03,138.07058715820312
2022-05-04,138.2334442138672
2022-05-05,136.2068328857422
2022-05-06,134.63262939453125
2022-05-09,129.7108917236328
2022-05-10,128.07333374023438
2022-05-11,129.82850646972656
2022-05-12,130.4799041748047
2022-05-13,132.08128356933594
2022-05-16,130.4708709716797
2022-05-17,129.5299530029297
2022-05-18,125.06964874267578
2022-05-19,124.85249328613281
2022-05-20,125.43154907226562
2022-05-23,127.42192840576172
2022-05-24,127.77477264404297
2022-05-25,128.10951232910156
2022-05-26,128.38092041015625
2022-05-27,131.16748046875
2022-05-31,129.81948852539062
2022-06-01,129.88279724121094
2022-06-02,130.87799072265625
2022-06-03,129.88279724121094
2022-06-06,126.51719665527344
2022-06-07,129.04139709472656
2022-06-08,126.08292388916016
2022-06-09,122.05689239501953
2022-06-10,120.50076293945312
2022-06-13,114.44813537597656
2022-06-14,113.99576568603516
2022-06-15,116.30281829833984
2022-06-16,115.42524719238281
2022-06-17,116.3299560546875
2022-06-21,117.94941711425781
2022-06-22,119.3246078491211
2022-06-23,121.78548431396484
2022-06-24,122.23783874511719
2022-06-27,122.63593292236328
2022-06-28,121.93929290771484
2022-06-29,122.01216125488281
2022-06-30,122.52239227294922
2022-07-01,123.96186828613281
2022-07-05,122.0030517578125
2022-07-06,122.75011444091797
2022-07-07,122.2308349609375
2022-07-08,120.93708801269531
2022-07-11,120.98263549804688
2022-07-12,120.77307891845703
2022-07-13,120.58177185058594
2022-07-14,118.8962631225586
2022-07-15,120.33577728271484
2022-07-18,119.47935485839844
2022-07-19,121.93017578125
2022-07-20,122.02127838134766
2022-07-21,122.61347961425781
2022-07-22,123.76142120361328
2022-07-25,123.77056884765625
2022-07-26,122.99612426757812
2022-07-27,123.73414611816406
2022-07-28,128.76327514648438
2022-07-29,128.5537567138672
2022-08-01,126.56757354736328
2022-08-02,124.88208770751953
2022-08-03,124.1805419921875
2022-08-04,124.91851043701172
2022-08-05,125.07341003417969
2022-08-08,125.72027587890625
2022-08-09,128.38064575195312
2022-08-10,130.6036834716797
2022-08-11,130.61279296875
2022-08-12,132.76292419433594
2022-08-15,133.2275848388672
2022-08-16,133.66493225097656
2022-08-17,133.52825927734375
2022-08-18,131.03189086914062
2022-08-19,129.64703369140625
2022-08-22,126.82267761230469
2022-08-23,123.94366455078125
2022-08-24,124.56320190429688
2022-08-25,125.9024887084961
2022-08-26,122.72282409667969
2022-08-29,120.70932006835938
2022-08-30,118.79605102539062
2022-08-31,117.08320617675781
2022-09-01,117.62076568603516
2022-09-02,115.42505645751953
2022-09-06,118.52271270751953
2022-09-07,119.28802490234375
2022-09-08,121.30152893066406
2022-09-09,122.85037231445312
2022-09-12,123.05078887939453
2022-09-13,120.554443359375
2022-09-14,119.1331558227539
2022-09-15,117.64807891845703
2022-09-16,117.5296401977539
2022-09-19,116.51834869384766
2022-09-20,113.07443237304688
2022-09-21,111.56204986572266
2022-09-22,111.85359191894531
2022-09-23,111.10650634765625
2022-09-26,108.16371154785156
2022-09-27,106.88819122314453
2022-09-28,109.65789031982422
2022-09-29,108.55597686767578
2022-09-30,109.68543243408203
2022-10-03,112.13717651367188
2022-10-04,113.07378387451172
2022-10-05,109.65789031982422
2022-10-06,106.85720825195312
2022-10-07,103.76270294189453
2022-10-10,102.82608795166016
2022-10-11,104.18508911132812
2022-10-12,102.97300720214844
2022-10-13,105.05744171142578
2022-10-14,101.6323471069336
2022-10-17,105.9756851196289
2022-10-18,106.0216064453125
2022-10-19,103.51476287841797
2022-10-20,103.09236907958984
2022-10-21,104.57994842529297
2022-10-24,103.76270294189453
2022-10-25,107.22450256347656
2022-10-26,105.654296875
2022-10-27,105.50738525390625
2022-10-28,105.58084869384766
2022-10-31,106.104248046875
2022-11-01,105.96649932861328
2022-11-02,102.7434310913086
2022-11-03,101.0813980102539
2022-11-04,102.38532257080078
2022-11-07,100.67736053466797
2022-11-08,100.87020111083984
2022-11-09,100.429443359375
2022-11-10,106.70110321044922
2022-11-11,105.8104019165039
2022-11-14,102.72506713867188
2022-11-15,105.25945281982422
2022-11-16,104.96561431884766
2022-11-17,104.24018096923828
2022-11-18,105.43392181396484
2022-11-21,106.74702453613281
2022-11-22,107.27960968017578
2022-11-23,107.78463745117188
2022-11-25,108.47333526611328
2022-11-28,105.79204559326172
2022-11-29,108.12439727783203
2022-11-30,110.4935073852539
2022-12-01,109.72216033935547
2022-12-02,110.08028411865234
2022-12-05,106.87557983398438
2022-12-06,105.25945281982422
2022-12-07,104.93806457519531
2022-12-08,106.71028137207031
2022-12-09,106.5174560546875
2022-12-12,106.78375244140625
2022-12-13,108.75799560546875
2022-12-14,107.23369598388672
2022-12-15,106.20616912841797
2022-12-16,103.86412811279297
2022-12-19,102.18859100341797
2022-12-20,101.6424560546875
2022-12-21,102.3089370727539
2022-12-22,101.97570037841797
2022-12-23,103.04024505615234
2022-12-27,103.22538757324219
2022-12-28,101.6979751586914
2022-12-29,104.54915618896484
2022-12-30,103.56790924072266
2023-01-03,102.4570541381836
2023-01-04,104.37326049804688
2023-01-05,101.52208709716797
2023-01-06,105.53041076660156
2023-01-09,104.61394500732422
2023-01-10,104.9657211303711
2023-01-11,109.4924087524414
2023-01-12,109.53871154785156
2023-01-13,109.18693542480469
2023-01-17,108.99252319335938
2023-01-18,106.6968002319336
2023-01-19,106.0302734375
2023-01-20,106.15987396240234
2023-01-23,106.33576202392578
2023-01-24,109.26099395751953
2023-01-25,110.40885925292969
2023-01-26,110.94577026367188
2023-01-27,112.61205291748047
2023-01-30,110.88096618652344
2023-01-31,114.05614471435547
2023-02-01,114.55602264404297
2023-02-02,116.92582702636719
2023-02-03,112.69535064697266
2023-02-06,113.34335327148438
2023-02-07,114.47270965576172
2023-02-08,114.7319107055664
2023-02-09,113.01934814453125
2023-02-10,113.69511413574219
2023-02-13,114.03763580322266
2023-02-14,113.16746520996094
2023-02-15,112.4454116821289
2023-02-16,111.13092803955078
2023-02-17,111.13092803955078
2023-02-21,109.27951049804688
2023-02-22,108.82591247558594
2023-02-23,109.29801940917969
2023-02-24,107.77986907958984
2023-02-27,106.2987289428711
2023-02-28,106.23392486572266
2023-03-01,103.64196014404297
2023-03-02,105.53041076660156
2023-03-03,107.50215148925781
2023-03-06,108.4833984375
2023-03-07,103.69750213623047
2023-03-08,104.95645904541016
2023-03-09,102.55888366699219
2023-03-10,98.96714782714844
2023-03-13,100.49456787109375
2023-03-14,100.14279174804688
2023-03-15,99.20782470703125
2023-03-16,97.32865142822266
2023-03-17,94.16273498535156
2023-03-20,95.66236877441406
2023-03-21,94.59780883789062
2023-03-22,92.2094955444336
2023-03-23,91.32081604003906
2023-03-24,92.46869659423828
2023-03-27,92.57052612304688
2023-03-28,93.04263305664062
2023-03-29,95.01438903808594
2023-03-30,96.48204040527344
2023-03-31,98.00577545166016
2023-04-03,97.03358459472656
2023-04-04,96.82793426513672
2023-04-05,96.74378204345703
2023-04-06,97.74403381347656
2023-04-10,97.96839904785156
2023-04-11,97.73469543457031
2023-04-12,97.13640594482422
2023-04-13,97.31402587890625
2023-04-14,96.69703674316406
2023-04-17,99.62300872802734
2023-04-18,99.04342651367188
2023-04-19,99.94085693359375
2023-04-20,99.44539642333984
2023-04-21,99.82866668701172
2023-04-24,99.34257507324219
2023-04-25,98.02448272705078
2023-04-26,97.24858093261719
2023-04-27,99.58562469482422
2023-04-28,102.87615966796875
2023-05-01,104.01663208007812
2023-05-02,102.18440246582031
2023-05-03,102.07221984863281
2023-05-04,101.68896484375
2023-05-05,103.15660858154297
2023-05-08,103.63336181640625
2023-05-09,103.36226654052734
2023-05-10,103.38095092773438
2023-05-11,103.6613998413086
2023-05-12,103.29682922363281
2023-05-15,101.74503326416016
2023-05-16,99.18364715576172
2023-05-17,99.8193130493164
2023-05-18,99.97824096679688
2023-05-19,99.55757904052734
2023-05-22,99.34257507324219
2023-05-23,98.9686508178711
2023-05-24,96.94944763183594
2023-05-25,96.22964477539062
2023-05-26,97.14575958251953
2023-05-30,97.37945556640625
2023-05-31,97.659912109375
2023-06-01,97.80012512207031
2023-06-02,100.60456848144531
2023-06-05,101.58612060546875
2023-06-06,102.68920135498047
2023-06-07,105.86756896972656
2023-06-08,105.89559173583984
2023-06-09,105.85821533203125
2023-06-12,104.65229797363281
2023-06-13,105.1944808959961
2023-06-14,104.47470092773438
2023-06-15,104.8299331665039
2023-06-16,105.73668670654297
2023-06-20,104.30642700195312
2023-06-21,103.71749877929688
2023-06-22,101.2215347290039
2023-06-23,98.95929718017578
2023-06-26,101.65155792236328
2023-06-27,102.58637237548828
2023-06-28,100.97848510742188
2023-06-29,102.4787368774414
2023-06-30,102.72406005859375
2023-07-03,103.90348815917969
2023-07-05,103.34679412841797
2023-07-06,103.78081512451172
2023-07-07,102.6391372680664
2023-07-10,103.00711822509766
2023-07-11,104.67720031738281
2023-07-12,104.90365600585938
2023-07-13,105.61131286621094
2023-07-14,105.63017272949219
2023-07-17,104.49793243408203
2023-07-18,104.3752670288086
2023-07-19,105.10179138183594
2023-07-20,105.79060363769531
2023-07-21,106.52655029296875
2023-07-24,106.46051025390625
2023-07-25,104.55453491210938
2023-07-26,105.53582763671875
2023-07-27,102.64859008789062
2023-07-28,102.3843765258789
2023-07-31,102.93163299560547
2023-08-01,102.29002380371094
2023-08-02,101.13890075683594
2023-08-03,100.4784164428711
2023-08-04,102.41268920898438
2023-08-07,103.69590759277344
2023-08-08,102.48817443847656
2023-08-09,102.50704193115234
2023-08-10,101.62010192871094
2023-08-11,101.77107238769531
2023-08-14,100.091552734375
2023-08-15,100.03494262695312
2023-08-16,99.95947265625
2023-08-17,100.33687591552734
2023-08-18,100.19535827636719
2023-08-21,99.18576049804688
2023-08-22,99.17632293701172
2023-08-23,100.58220672607422
2023-08-24,100.60107421875
2023-08-25,101.110595703125
2023-08-28,101.78994750976562
2023-08-29,102.18624877929688
2023-08-30,102.20510864257812
2023-08-31,101.54463195800781
2023-09-01,100.71429443359375
2023-09-05,99.3272705078125
2023-09-06,98.84607696533203
2023-09-07,98.11954498291016
2023-09-08,97.17599487304688
2023-09-11,96.00599670410156
2023-09-12,97.61946105957031
2023-09-13,96.30792999267578
2023-09-14,97.58171844482422
2023-09-15,97.06278228759766
2023-09-18,96.1947021484375
2023-09-19,96.21357727050781
2023-09-20,96.43058013916016
2023-09-21,93.60938262939453
2023-09-22,92.4205093383789
2023-09-25,92.18461608886719
2023-09-26,90.9580307006836
2023-09-27,89.52381896972656
2023-09-28,90.22948455810547
2023-09-29,90.19133758544922
2023-10-02,88.73234558105469
2023-10-03,88.21739959716797
2023-10-04,89.36170959472656
2023-10-05,89.8480453491211
2023-10-06,91.34520721435547
2023-10-09,92.8995590209961
2023-10-10,91.841064453125
2023-10-11,92.8995590209961
2023-10-12,92.10807037353516
2023-10-13,91.99364471435547
2023-10-16,92.36554718017578
2023-10-17,93.05213928222656
2023-10-18,90.91606903076172
2023-10-19,89.6763916015625
2023-10-20,88.54161071777344
2023-10-23,87.5689468383789
2023-10-24,89.34263610839844
2023-10-25,87.24472045898438
2023-10-26,85.69990539550781
2023-10-27,80.08320617675781
2023-10-30,80.03551483154297
2023-10-31,80.94143676757812
2023-11-01,80.75071716308594
2023-11-02,83.51615142822266
2023-11-03,86.36741638183594
2023-11-06,83.92620849609375
2023-11-07,82.61976623535156
2023-11-08,83.80223083496094
2023-11-09,83.06796264648438
2023-11-10,84.33625030517578
2023-11-13,82.62931060791016
2023-11-14,85.80479431152344
2023-11-15,84.76536560058594
2023-11-16,83.5066146850586
2023-11-17,83.29682159423828
2023-11-20,84.48882293701172
2023-11-21,83.63058471679688
2023-11-22,84.31717681884766
2023-11-24,84.61279296875
2023-11-27,84.24089050292969
2023-11-28,85.251708984375
2023-11-29,85.58546447753906
2023-11-30,86.07180786132812
2023-12-01,88.3222885131836
2023-12-04,88.72280883789062
2023-12-05,88.72280883789062
2023-12-06,89.05655670166016
2023-12-07,89.06609344482422
2023-12-08,89.30449676513672
2023-12-11,89.08516693115234
2023-12-12,89.73361206054688
2023-12-13,93.55754852294922
2023-12-14,97.89292907714844
2023-12-15,95.33023834228516
2023-12-18,95.80230712890625
2023-12-19,94.8677978515625
2023-12-20,93.2492446899414
2023-12-21,93.68278503417969
2023-12-22,94.2126693725586
2023-12-26,94.85816192626953
2023-12-27,95.26280212402344
2023-12-28,96.75609588623047
2023-12-29,95.65779876708984
2024-01-02,96.70793151855469
2024-01-03,94.23193359375
2024-01-04,94.23193359375
2024-01-05,94.59803771972656
2024-01-08,95.6192626953125
2024-01-09,94.5113296508789
2024-01-10,94.92559814453125
2024-01-11,95.59036254882812
2024-01-12,95.59036254882812
2024-01-16,95.8697509765625
2024-01-17,93.04693603515625
2024-01-18,92.25691986083984
2024-01-19,95.12791442871094
2024-01-22,95.55182647705078
2024-01-23,94.76182556152344
2024-01-24,94.0103530883789
2024-01-25,92.353271484375
2024-01-26,92.2472915649414
2024-01-29,92.76753997802734
2024-01-30,91.58253479003906
2024-01-31,90.40717315673828
2024-02-01,92.05461883544922
2024-02-02,93.03729248046875
2024-02-05,90.4457015991211
2024-02-06,91.8330307006836
2024-02-07,91.22607421875
2024-02-08,90.51314544677734
2024-02-09,90.04106140136719
2024-02-12,90.74436950683594
2024-02-13,88.52851104736328
2024-02-14,90.40717315673828
2024-02-15,93.80802917480469
2024-02-16,92.64230346679688
2024-02-20,91.03338623046875
2024-02-21,91.91973114013672
2024-02-22,91.29351806640625
2024-02-23,91.38021850585938
2024-02-26,89.1932601928711
2024-02-27,89.8194808959961
2024-02-28,90.3397216796875
2024-02-29,91.02375793457031
2024-03-01,92.29547882080078
2024-03-04,93.20108032226562
2024-03-05,93.15292358398438
2024-03-06,94.67510223388672
2024-03-07,95.12791442871094
2024-03-08,97.4690170288086
2024-03-11,96.32255554199219
2024-03-12,94.59803771972656
2024-03-13,95.40730285644531
2024-03-14,94.3379135131836
2024-03-15,94.88705444335938
2024-03-18,93.89473724365234
2024-03-19,93.52864074707031
2024-03-20,94.76182556152344
2024-03-21,96.05279541015625
2024-03-22,94.62693786621094
2024-03-25,93.93328094482422
2024-03-26,92.77717590332031
2024-03-27,94.61773681640625
2024-03-28,95.82527923583984
2024-04-01,93.89708709716797
2024-04-02,93.14723205566406
2024-04-03,93.3712158203125
2024-04-04,93.36148071289062
2024-04-05,94.09185791015625
2024-04-08,99.45767974853516
2024-04-09,100.86973571777344
2024-04-10,98.1624755859375
2024-04-11,97.32498931884766
2024-04-12,95.37731170654297
2024-04-15,94.09185791015625
2024-04-16,92.56293487548828
2024-04-17,92.82587432861328
2024-04-18,92.7966537475586
2024-04-19,93.77049255371094
2024-04-22,95.50391387939453
2024-04-23,96.0200424194336
2024-04-24,96.27323913574219
2024-04-25,95.64025115966797
2024-04-26,97.01335906982422
2024-04-29,97.65608215332031
2024-04-30,97.07179260253906
2024-05-01,95.97135925292969
2024-05-02,97.89954376220703
2024-05-03,102.33049011230469
2024-05-06,103.20693969726562
2024-05-07,103.2166748046875
2024-05-08,101.44430541992188
2024-05-09,104.03470611572266
2024-05-10,103.84967041015625
2024-05-13,103.94705200195312
2024-05-14,104.11260223388672
2024-05-15,105.18383026123047
2024-05-16,103.7328109741211
2024-05-17,103.71333312988281
2024-05-20,102.80767059326172
2024-05-21,103.14850616455078
2024-05-22,102.60316467285156
2024-05-23,101.28848266601562
2024-05-24,100.88921356201172
2024-05-28,98.8539047241211
2024-05-29,96.79911804199219
2024-05-30,98.36698913574219
2024-05-31,99.96407318115234
2024-06-03,100.92816925048828
2024-06-04,103.59647369384766
2024-06-05,104.43396759033203
2024-06-06,104.18077850341797
2024-06-07,103.89836883544922
2024-06-10,104.71638488769531
2024-06-11,103.42118072509766
2024-06-12,104.58979034423828
2024-06-13,104.19050598144531
2024-06-14,105.21304321289062
2024-06-17,105.66099548339844
2024-06-18,106.75170135498047
2024-06-20,106.50823974609375
2024-06-21,106.82960510253906
2024-06-24,108.1929702758789
2024-06-25,107.0438461303711
2024-06-26,105.83629608154297
2024-06-27,106.86856079101562
2024-06-28,107.26178741455078
2024-07-01,107.3404312133789
2024-07-02,107.08483123779297
2024-07-03,105.6790542602539
2024-07-05,105.89532470703125
2024-07-08,106.2000732421875
2024-07-09,106.180419921875
2024-07-10,107.13398742675781
2024-07-11,107.3404312133789
2024-07-12,106.80957794189453
2024-07-15,107.43873596191406
2024-07-16,109.34587097167969
2024-07-17,111.04656219482422
2024-07-18,111.056396484375
2024-07-19,110.74181365966797
2024-07-22,111.54793548583984
2024-07-23,111.08588409423828
2024-07-24,111.16453552246094
2024-07-25,109.03129577636719
2024-07-26,111.0957260131836
2024-07-29,111.51844024658203
2024-07-30,109.8963851928711
2024-07-31,108.8740005493164
2024-08-01,113.12081909179688
2024-08-02,116.19780731201172
2024-08-05,113.0126953125
2024-08-06,115.23440551757812
2024-08-07,115.90288543701172
2024-08-08,116.77781677246094
2024-08-09,117.30867004394531
2024-08-12,117.51510620117188
2024-08-13,117.55443572998047
2024-08-14,117.79036712646484
2024-08-15,117.78053283691406
2024-08-16,117.61341094970703
2024-08-19,117.38731384277344
2024-08-20,117.81985473632812
2024-08-21,118.19342041015625
2024-08-22,118.94054412841797
2024-08-23,120.52326965332031
2024-08-26,120.82803344726562
2024-08-27,121.82090759277344
2024-08-28,122.61720275878906
2024-08-29,121.85040283203125
2024-08-30,123.07923126220703
2024-09-03,124.45552062988281
2024-09-04,123.2955093383789
2024-09-05,122.02735137939453
2024-09-06,120.10055541992188
2024-09-09,119.26496124267578
2024-09-10,121.0836181640625
2024-09-11,120.45446014404297
2024-09-12,121.01480102539062
2024-09-13,123.47245788574219
2024-09-16,122.81380462646484
2024-09-17,121.88972473144531
2024-09-18,123.12838745117188
2024-09-19,124.5145034790039
2024-09-20,123.08906555175781
2024-09-23,124.73077392578125
2024-09-24,124.3670425415039
2024-09-25,124.0229721069336
2024-09-26,122.26329040527344
2024-09-27,121.61447143554688
2024-09-30,122.45709228515625
2024-10-01,121.53516387939453
2024-10-02,121.25759887695312
2024-10-03,119.73097229003906
2024-10-04,119.8102798461914
2024-10-07,118.61079406738281
2024-10-08,118.94783782958984
2024-10-09,119.15601348876953
2024-10-10,117.75826263427734
2024-10-11,118.27374267578125
2024-10-14,118.61079406738281
2024-10-15,118.630615234375
2024-10-16,119.80036926269531
2024-10-17,118.27374267578125
2024-10-18,119.69132232666016
2024-10-21,117.04450988769531
2024-10-22,118.20435333251953
2024-10-23,119.582275390625
2024-10-24,119.3047103881836
2024-10-25,117.26260375976562
2024-10-28,117.66903686523438
2024-10-29,116.40015411376953
2024-10-30,116.34068298339844
2024-10-31,114.78431701660156
2024-11-01,112.7422103881836
2024-11-04,114.90327453613281
2024-11-05,116.9751205444336
2024-11-06,116.41999053955078
2024-11-07,117.55998992919922
2024-11-08,120.68263244628906
2024-11-11,120.89080810546875
2024-11-12,119.75080871582031
2024-11-13,122.20925903320312
2024-11-14,119.3047103881836
2024-11-15,118.72974395751953
2024-11-18,118.84870910644531
2024-11-19,120.2365493774414
2024-11-20,119.51288604736328
2024-11-21,120.93046569824219
2024-11-22,121.83256530761719
2024-11-25,122.84370422363281
2024-11-26,124.667724609375
2024-11-27,125.92668914794922
2024-11-29,124.70738220214844
2024-12-02,122.87344360351562
2024-12-03,121.54508209228516
2024-12-04,121.07916259765625
2024-12-05,120.41498565673828
2024-12-06,120.84124755859375
2024-12-09,121.70368957519531
2024-12-10,120.87098693847656
2024-12-11,119.41375732421875
2024-12-12,119.89949798583984
2024-12-13,119.12627410888672
2024-12-16,119.31462097167969
2024-12-17,117.55998992919922
2024-12-18,113.3499984741211
2024-12-19,112.5199966430664
2024-12-20,114.91000366210938
2024-12-23,115.25
2024-12-24,116.43000030517578
2024-12-26,116.4000015258789
2024-12-27,115.2300033569336
2024-12-30,114.7699966430664
2024-12-31,116.04000091552734
2025-01-02,114.68000030517578
2025-01-03,117.06999969482422
2025-01-06,113.45999908447266
2025-01-07,110.30999755859375
2025-01-08,111.04000091552734
2025-01-10,109.16000366210938
2025-01-13,111.66000366210938
2025-01-14,112.5199966430664
2025-01-15,111.83999633789062
2025-01-16,112.6500015258789
2025-01-17,112.5999984741211
2025-01-21,112.7699966430664
2025-01-22,110.9800033569336
2025-01-23,110.01000213623047
2025-01-24,110.63999938964844
2025-01-27,113.9800033569336
2025-01-28,112.58999633789062
2025-01-29,110.58000183105469
2025-01-30,113.19999694824219
2025-01-31,113.70999908447266
2025-02-03,113.5
2025-02-04,114.26000213623047
2025-02-05,116.2699966430664
2025-02-06,117.69999694824219
2025-02-07,119.16000366210938
2025-02-10,119.33999633789062
2025-02-11,119.83000183105469
2025-02-12,118.4000015258789
2025-02-13,119.16000366210938
2025-02-14,119.06999969482422
2025-02-18,119.37000274658203
2025-02-19,118.9000015258789
2025-02-20,120.83999633789062
2025-02-21,119.88999938964844
2025-02-24,121.18000030517578
2025-02-25,122.04000091552734
2025-02-26,121.0999984741211
2025-02-27,123.2300033569336
2025-02-28,124.05999755859375
2025-03-03,125.52999877929688
2025-03-04,123.23999786376953
2025-03-05,124.41999816894531
2025-03-06,121.81999969482422
2025-03-07,121.48999786376953
2025-03-10,122.02999877929688
2025-03-11,120.4800033569336
2025-03-12,118.4000015258789
2025-03-13,116.75
2025-03-14,118.08999633789062
2025-03-17,120.12999725341797
2025-03-18,119.58999633789062
2025-03-19,119.83999633789062
2025-03-20,120.05000305175781
2025-03-21,119.20999908447266
2025-03-24,121.62999725341797
